1186 1194
8 8 8
2 1 1 2 3 AND
2 1 4 5 1 AND
2 1 6 7 4 AND
2 1 8 9 10 AND
2 1 11 12 6 AND
2 1 13 14 8 AND
2 1 15 16 11 AND
2 1 17 18 13 AND
2 1 19 20 15 AND
2 1 21 22 17 AND
2 1 23 24 25 AND
2 1 26 27 21 AND
2 1 28 29 19 AND
2 1 30 5 23 AND
2 1 31 32 26 AND
2 1 33 34 28 AND
2 1 35 36 37 AND
2 1 38 39 30 AND
2 1 40 41 42 AND
2 1 43 44 45 AND
2 1 46 47 31 AND
2 1 48 49 33 AND
2 1 50 51 35 AND
2 1 52 53 46 AND
2 1 54 55 43 AND
2 1 56 57 38 AND
2 1 58 59 40 AND
2 1 60 61 48 AND
2 1 62 63 50 AND
2 1 64 65 56 AND
2 1 66 67 52 AND
2 1 68 69 58 AND
2 1 70 71 60 AND
2 1 72 73 74 AND
2 1 75 76 54 AND
2 1 77 78 62 AND
2 1 79 80 81 AND
2 1 82 83 68 AND
2 1 84 85 66 AND
2 1 86 87 72 AND
2 1 88 89 64 AND
2 1 90 91 70 AND
2 1 92 93 75 AND
2 1 94 95 77 AND
2 1 96 97 84 AND
2 1 98 99 86 AND
2 1 100 101 92 AND
2 1 102 103 82 AND
2 1 104 87 79 AND
2 1 105 106 88 AND
2 1 107 108 90 AND
2 1 109 110 94 AND
2 1 111 112 105 AND
2 1 113 114 104 AND
2 1 115 116 107 AND
2 1 117 118 98 AND
2 1 119 120 96 AND
2 1 121 122 102 AND
2 1 123 124 100 AND
2 1 125 126 109 AND
2 1 127 128 121 AND
2 1 129 130 111 AND
2 1 131 132 113 AND
2 1 133 134 117 AND
2 1 135 136 119 AND
2 1 137 138 115 AND
2 1 139 140 123 AND
2 1 141 142 125 AND
2 1 143 144 131 AND
2 1 145 146 129 AND
2 1 147 148 127 AND
2 1 149 150 133 AND
2 1 151 152 135 AND
2 1 153 154 137 AND
2 1 155 156 139 AND
2 1 157 158 141 AND
2 1 159 130 143 AND
2 1 160 161 147 AND
2 1 162 163 153 AND
2 1 164 148 149 AND
2 1 165 166 151 AND
2 1 167 168 145 AND
2 1 169 170 155 AND
2 1 171 172 157 AND
2 1 173 174 169 AND
2 1 175 176 159 AND
2 1 177 178 160 AND
2 1 179 180 165 AND
2 1 181 182 167 AND
2 1 183 184 162 AND
2 1 185 186 164 AND
2 1 187 188 171 AND
2 1 189 190 177 AND
2 1 191 192 183 AND
2 1 193 194 181 AND
2 1 195 196 173 AND
2 1 197 163 185 AND
2 1 198 199 179 AND
2 1 200 201 175 AND
2 1 202 186 187 AND
2 1 203 204 191 AND
2 1 205 174 200 AND
2 1 206 207 189 AND
2 1 208 209 197 AND
2 1 210 211 198 AND
2 1 212 213 193 AND
2 1 214 215 195 AND
2 1 216 161 202 AND
2 1 217 218 205 AND
2 1 219 220 206 AND
2 1 221 222 212 AND
2 1 223 224 208 AND
2 1 225 226 210 AND
2 1 227 228 203 AND
2 1 229 230 214 AND
2 1 231 232 216 AND
2 1 233 234 219 AND
2 1 235 236 217 AND
2 1 237 238 221 AND
2 1 239 240 223 AND
2 1 241 170 225 AND
2 1 242 243 227 AND
2 1 244 245 229 AND
2 1 246 247 231 AND
2 1 248 249 241 AND
2 1 250 251 235 AND
2 1 252 253 233 AND
2 1 254 255 239 AND
2 1 256 257 242 AND
2 1 258 156 237 AND
2 1 259 260 244 AND
2 1 261 243 246 AND
2 1 262 146 248 AND
2 1 263 264 250 AND
2 1 265 266 256 AND
2 1 267 268 130 AND
2 1 269 270 259 AND
2 1 271 272 258 AND
2 1 273 274 252 AND
2 1 275 276 254 AND
2 1 277 278 261 AND
2 1 279 136 267 AND
2 1 201 280 262 AND
2 1 281 282 263 AND
2 1 283 284 265 AND
2 1 285 286 269 AND
2 1 287 288 271 AND
2 1 289 184 273 AND
2 1 290 291 275 AND
2 1 292 293 277 AND
2 1 294 295 279 AND
2 1 296 297 281 AND
2 1 298 299 289 AND
2 1 300 148 201 AND
2 1 301 302 290 AND
2 1 303 304 287 AND
2 1 305 306 283 AND
2 1 307 295 285 AND
2 1 308 309 292 AND
2 1 310 311 296 AND
1 1 312 59 INV
2 1 313 314 307 AND
2 1 315 316 300 AND
2 1 249 317 161 AND
2 1 299 318 294 AND
2 1 209 319 298 AND
2 1 320 321 305 AND
2 1 322 323 303 AND
2 1 324 325 301 AND
2 1 224 326 156 AND
2 1 327 328 69 AND
2 1 329 330 312 AND
2 1 331 316 308 AND
2 1 332 268 324 AND
2 1 333 334 313 AND
2 1 335 336 322 AND
2 1 240 337 170 AND
2 1 333 338 299 AND
2 1 232 339 224 AND
2 1 340 341 186 AND
1 1 342 20 INV
2 1 343 228 315 AND
2 1 344 341 310 AND
2 1 345 346 320 AND
2 1 247 347 318 AND
2 1 176 348 163 AND
2 1 168 349 209 AND
2 1 350 304 249 AND
2 1 351 352 327 AND
2 1 353 354 331 AND
1 1 355 329 INV
2 1 356 357 342 AND
2 1 358 359 343 AND
2 1 360 196 349 AND
2 1 361 362 335 AND
2 1 363 364 345 AND
2 1 361 365 340 AND
2 1 29 366 350 AND
2 1 367 97 232 AND
2 1 71 368 247 AND
2 1 369 194 176 AND
2 1 370 371 355 AND
2 1 372 373 344 AND
2 1 374 182 337 AND
2 1 375 376 332 AND
2 1 377 378 317 AND
2 1 379 311 339 AND
2 1 314 380 184 AND
2 1 381 34 168 AND
2 1 382 293 333 AND
2 1 236 383 240 AND
1 1 384 351 INV
2 1 385 386 76 AND
2 1 260 387 341 AND
2 1 388 389 353 AND
1 1 390 356 INV
1 1 391 330 INV
2 1 276 392 358 AND
2 1 393 394 384 AND
2 1 286 395 366 AND
2 1 359 396 319 AND
2 1 253 397 367 AND
1 1 398 370 INV
2 1 399 400 363 AND
2 1 178 401 369 AND
2 1 226 402 348 AND
2 1 403 199 360 AND
2 1 404 288 380 AND
2 1 405 255 146 AND
2 1 406 222 29 AND
2 1 407 116 174 AND
2 1 270 408 71 AND
2 1 61 409 361 AND
2 1 354 410 148 AND
1 1 411 372 INV
2 1 412 413 375 AND
2 1 414 415 95 AND
2 1 416 417 390 AND
2 1 418 419 24 AND
2 1 420 421 391 AND
2 1 91 422 382 AND
2 1 423 27 379 AND
2 1 424 425 53 AND
2 1 211 426 381 AND
2 1 427 428 377 AND
2 1 429 430 334 AND
2 1 431 306 374 AND
2 1 432 108 326 AND
2 1 433 166 314 AND
2 1 434 435 243 AND
2 1 436 437 236 AND
1 1 438 385 INV
2 1 439 440 388 AND
2 1 441 120 260 AND
2 1 442 7 338 AND
2 1 443 444 411 AND
2 1 445 446 398 AND
2 1 447 448 293 AND
1 1 449 393 INV
2 1 450 451 438 AND
2 1 274 452 387 AND
2 1 378 453 362 AND
2 1 220 454 407 AND
2 1 455 12 403 AND
2 1 346 456 383 AND
2 1 457 428 399 AND
2 1 458 264 406 AND
2 1 192 459 405 AND
2 1 218 460 404 AND
2 1 245 461 316 AND
2 1 266 462 354 AND
2 1 282 463 97 AND
2 1 272 464 178 AND
2 1 190 465 226 AND
2 1 466 364 295 AND
2 1 49 467 182 AND
2 1 468 469 286 AND
2 1 470 297 61 AND
2 1 325 471 270 AND
2 1 472 284 359 AND
2 1 278 473 276 AND
2 1 474 9 253 AND
2 1 475 476 14 AND
1 1 477 412 INV
1 1 478 416 INV
1 1 479 63 INV
1 1 480 144 INV
2 1 481 482 36 AND
2 1 483 484 427 AND
2 1 485 486 328 AND
2 1 487 488 433 AND
2 1 489 490 101 AND
2 1 491 492 432 AND
2 1 493 494 423 AND
1 1 495 418 INV
2 1 496 497 425 AND
2 1 498 499 436 AND
2 1 500 486 431 AND
2 1 501 502 402 AND
2 1 503 504 434 AND
1 1 505 352 INV
1 1 506 420 INV
1 1 507 414 INV
2 1 501 508 429 AND
2 1 509 510 16 AND
2 1 251 511 211 AND
2 1 512 513 91 AND
2 1 514 515 478 AND
2 1 516 321 441 AND
2 1 517 518 447 AND
2 1 519 103 132 AND
2 1 520 521 439 AND
2 1 522 523 495 AND
2 1 524 525 477 AND
2 1 526 527 442 AND
2 1 528 417 449 AND
2 1 529 530 507 AND
2 1 531 394 479 AND
2 1 532 533 480 AND
2 1 534 535 424 AND
1 1 536 445 INV
1 1 537 443 INV
2 1 538 539 505 AND
2 1 540 446 506 AND
2 1 541 542 196 AND
1 1 543 510 INV
2 1 544 545 509 AND
1 1 546 485 INV
1 1 547 110 INV
1 1 548 498 INV
1 1 549 512 INV
1 1 550 114 INV
1 1 551 440 INV
1 1 552 126 INV
1 1 553 419 INV
1 1 554 106 INV
1 1 555 134 INV
1 1 556 481 INV
1 1 557 489 INV
2 1 558 559 500 AND
1 1 560 172 INV
1 1 561 85 INV
1 1 562 128 INV
1 1 563 487 INV
1 1 564 386 INV
1 1 565 140 INV
1 1 566 482 INV
1 1 567 154 INV
1 1 568 188 INV
1 1 569 491 INV
1 1 570 496 INV
1 1 571 493 INV
1 1 572 483 INV
1 1 573 475 INV
2 1 574 238 278 AND
2 1 575 576 120 AND
2 1 577 578 228 AND
2 1 213 579 274 AND
2 1 215 580 194 AND
2 1 581 582 503 AND
2 1 583 584 455 AND
2 1 585 586 456 AND
2 1 587 588 472 AND
1 1 589 450 INV
2 1 590 591 468 AND
2 1 592 593 459 AND
2 1 594 595 365 AND
2 1 376 596 458 AND
2 1 257 597 474 AND
2 1 598 599 536 AND
2 1 600 601 537 AND
2 1 602 603 401 AND
2 1 78 604 454 AND
2 1 180 605 466 AND
2 1 469 606 457 AND
2 1 607 230 470 AND
2 1 608 609 116 AND
2 1 430 610 378 AND
2 1 611 612 346 AND
2 1 234 613 192 AND
1 1 614 251 INV
2 1 615 616 266 AND
2 1 309 617 218 AND
2 1 291 618 428 AND
2 1 323 619 190 AND
2 1 620 41 49 AND
2 1 621 204 255 AND
2 1 207 622 282 AND
2 1 623 400 245 AND
2 1 152 624 272 AND
2 1 625 626 325 AND
2 1 627 73 304 AND
2 1 302 628 166 AND
1 1 629 501 INV
2 1 630 631 571 AND
1 1 632 529 INV
1 1 633 524 INV
1 1 634 531 INV
1 1 635 522 INV
1 1 636 517 INV
1 1 637 519 INV
1 1 638 520 INV
1 1 639 538 INV
1 1 640 532 INV
1 1 641 541 INV
1 1 642 526 INV
1 1 643 124 INV
1 1 644 514 INV
1 1 645 535 INV
1 1 646 497 INV
1 1 598 540 INV
2 1 647 648 546 AND
2 1 649 650 547 AND
2 1 651 652 548 AND
2 1 653 652 549 AND
2 1 654 655 550 AND
2 1 651 656 551 AND
2 1 657 658 552 AND
2 1 659 660 553 AND
2 1 659 661 554 AND
2 1 662 652 555 AND
2 1 663 660 556 AND
2 1 664 665 557 AND
2 1 666 650 543 AND
2 1 667 668 560 AND
2 1 669 670 561 AND
2 1 671 672 562 AND
2 1 647 673 563 AND
2 1 649 670 564 AND
2 1 674 673 565 AND
2 1 523 539 566 AND
2 1 675 672 567 AND
2 1 676 661 568 AND
2 1 677 656 569 AND
2 1 678 655 570 AND
2 1 679 680 572 AND
2 1 659 539 573 AND
2 1 681 682 629 AND
2 1 653 673 614 AND
2 1 683 57 516 AND
2 1 684 685 528 AND
2 1 686 371 589 AND
2 1 687 688 426 AND
2 1 689 690 579 AND
2 1 691 692 410 AND
2 1 693 694 587 AND
2 1 695 696 473 AND
2 1 697 698 615 AND
2 1 22 699 602 AND
2 1 700 701 608 AND
2 1 702 703 604 AND
2 1 704 705 89 AND
2 1 389 584 600 AND
2 1 706 65 502 AND
2 1 707 708 583 AND
2 1 709 710 611 AND
2 1 711 712 605 AND
2 1 713 714 627 AND
2 1 715 716 347 AND
2 1 717 718 460 AND
2 1 719 720 592 AND
2 1 721 722 590 AND
2 1 723 724 511 AND
2 1 725 726 606 AND
2 1 727 728 508 AND
2 1 729 730 585 AND
2 1 731 732 620 AND
2 1 733 734 594 AND
2 1 735 726 368 AND
2 1 736 737 408 AND
2 1 738 739 291 AND
2 1 740 741 306 AND
2 1 742 55 309 AND
2 1 743 158 268 AND
2 1 744 745 234 AND
2 1 746 747 364 AND
2 1 748 118 222 AND
2 1 749 750 136 AND
2 1 751 752 264 AND
2 1 2 753 430 AND
2 1 754 138 78 AND
2 1 755 756 376 AND
2 1 757 758 180 AND
2 1 759 760 400 AND
2 1 47 761 215 AND
2 1 762 763 207 AND
2 1 764 765 297 AND
2 1 766 767 257 AND
2 1 768 44 284 AND
1 1 769 581 INV
2 1 770 771 625 AND
2 1 772 39 435 AND
2 1 421 773 632 AND
2 1 774 775 633 AND
2 1 776 777 465 AND
2 1 778 779 574 AND
2 1 773 780 634 AND
2 1 751 781 635 AND
2 1 782 783 636 AND
2 1 784 785 623 AND
2 1 786 446 637 AND
2 1 787 525 638 AND
2 1 788 780 639 AND
2 1 789 790 640 AND
2 1 791 525 641 AND
2 1 792 680 642 AND
2 1 793 794 467 AND
2 1 795 661 643 AND
2 1 576 796 644 AND
2 1 797 798 607 AND
2 1 791 446 645 AND
2 1 799 652 646 AND
1 1 800 534 INV
1 1 801 558 INV
1 1 802 577 INV
1 1 803 575 INV
1 1 804 621 INV
1 1 805 99 INV
1 1 806 112 INV
1 1 807 150 INV
1 1 808 413 INV
1 1 809 544 INV
1 1 810 476 INV
1 1 811 415 INV
1 1 812 32 INV
2 1 813 814 471 AND
2 1 815 816 302 AND
2 1 336 817 469 AND
2 1 818 18 213 AND
2 1 819 601 598 AND
2 1 142 820 199 AND
2 1 821 822 108 AND
2 1 823 83 321 AND
2 1 824 825 152 AND
2 1 826 827 288 AND
2 1 93 828 323 AND
1 1 829 220 INV
2 1 830 831 683 AND
2 1 832 833 603 AND
2 1 834 835 613 AND
2 1 739 836 686 AND
1 1 837 663 INV
1 1 838 667 INV
2 1 839 840 684 AND
1 1 841 515 INV
1 1 842 451 INV
1 1 843 678 INV
1 1 844 662 INV
1 1 845 674 INV
1 1 846 630 INV
1 1 847 654 INV
1 1 848 677 INV
1 1 849 679 INV
1 1 850 669 INV
1 1 851 357 INV
1 1 852 657 INV
1 1 853 675 INV
1 1 854 676 INV
2 1 855 856 230 AND
2 1 836 857 34 AND
2 1 858 80 204 AND
2 1 859 631 802 AND
1 1 860 666 INV
2 1 861 660 829 AND
1 1 819 664 INV
2 1 862 680 769 AND
2 1 863 446 812 AND
2 1 863 668 811 AND
1 1 789 681 INV
2 1 864 394 810 AND
2 1 859 865 809 AND
2 1 866 668 800 AND
2 1 867 668 801 AND
1 1 868 671 INV
2 1 869 648 803 AND
2 1 870 668 804 AND
2 1 871 670 805 AND
2 1 872 525 806 AND
2 1 873 670 807 AND
2 1 863 680 808 AND
1 1 874 647 INV
1 1 875 523 INV
1 1 876 651 INV
1 1 877 649 INV
1 1 878 653 INV
1 1 879 659 INV
2 1 880 881 841 AND
2 1 880 780 854 AND
2 1 882 883 784 AND
1 1 884 492 INV
1 1 885 764 INV
1 1 886 591 INV
1 1 887 763 INV
1 1 888 762 INV
1 1 889 740 INV
1 1 890 691 INV
1 1 891 595 INV
1 1 892 702 INV
1 1 893 743 INV
1 1 894 719 INV
1 1 895 825 INV
1 1 896 753 INV
1 1 897 707 INV
1 1 898 778 INV
1 1 899 824 INV
2 1 685 601 853 AND
1 1 900 395 INV
1 1 901 738 INV
1 1 902 792 INV
1 1 903 752 INV
1 1 904 452 INV
1 1 905 799 INV
1 1 906 396 INV
1 1 907 813 INV
1 1 908 823 INV
1 1 909 695 INV
1 1 910 717 INV
1 1 911 782 INV
1 1 912 755 INV
1 1 913 768 INV
2 1 880 914 852 AND
1 1 915 704 INV
1 1 916 51 INV
1 1 917 693 INV
1 1 918 721 INV
1 1 919 818 INV
1 1 920 814 INV
1 1 921 785 INV
1 1 922 709 INV
1 1 923 689 INV
1 1 924 742 INV
1 1 925 770 INV
1 1 926 461 INV
1 1 927 732 INV
1 1 928 700 INV
1 1 929 759 INV
2 1 930 881 851 AND
2 1 931 932 850 AND
1 1 796 795 INV
1 1 933 776 INV
1 1 839 786 INV
2 1 934 601 849 AND
1 1 935 610 INV
2 1 930 936 848 AND
2 1 931 880 774 AND
2 1 937 938 464 AND
2 1 939 940 793 AND
2 1 941 942 821 AND
2 1 943 944 797 AND
2 1 945 946 842 AND
2 1 947 948 843 AND
2 1 947 790 844 AND
2 1 949 881 845 AND
2 1 950 951 846 AND
2 1 930 952 847 AND
1 1 953 142 INV
1 1 954 576 INV
1 1 955 389 INV
1 1 956 22 INV
1 1 957 584 INV
1 1 958 791 INV
1 1 959 751 INV
1 1 960 9 INV
1 1 961 12 INV
1 1 962 2 INV
2 1 963 780 837 AND
2 1 421 880 868 AND
2 1 964 417 788 AND
2 1 965 601 860 AND
1 1 966 787 INV
2 1 947 881 878 AND
1 1 967 697 INV
2 1 685 968 877 AND
2 1 950 952 874 AND
2 1 934 969 875 AND
2 1 949 970 876 AND
2 1 931 968 879 AND
1 1 971 771 INV
1 1 972 392 INV
1 1 973 694 INV
1 1 974 826 INV
1 1 975 688 INV
1 1 976 827 INV
1 1 977 735 INV
1 1 978 499 INV
1 1 979 746 INV
1 1 980 703 INV
1 1 981 706 INV
1 1 982 580 INV
1 1 983 609 INV
1 1 984 521 INV
1 1 985 725 INV
1 1 986 687 INV
1 1 987 713 INV
1 1 988 559 INV
1 1 989 766 INV
1 1 990 624 INV
1 1 991 588 INV
1 1 992 582 INV
1 1 993 815 INV
1 1 994 711 INV
1 1 995 622 INV
1 1 996 727 INV
1 1 997 733 INV
1 1 998 699 INV
1 1 999 488 INV
1 1 1000 817 INV
1 1 1001 757 INV
1 1 1002 494 INV
1 1 1003 712 INV
1 1 1004 772 INV
1 1 1005 715 INV
1 1 1006 698 INV
1 1 1007 718 INV
1 1 1008 729 INV
1 1 1009 545 INV
1 1 1010 748 INV
1 1 1011 754 INV
1 1 1012 616 INV
1 1 1013 749 INV
1 1 1014 409 INV
1 1 1015 723 INV
1 1 1016 822 INV
1 1 1017 761 INV
1 1 1018 744 INV
1 1 1019 67 INV
1 1 1020 731 INV
1 1 1021 736 INV
1 1 1022 490 INV
1 1 1023 596 INV
2 1 964 968 838 AND
2 1 1024 1025 311 AND
2 1 931 1026 773 AND
2 1 1027 1028 336 AND
1 1 1029 7 INV
2 1 950 1030 789 AND
2 1 931 1031 819 AND
1 1 1032 93 INV
1 1 1033 41 INV
1 1 1034 47 INV
1 1 1035 5 INV
1 1 1036 57 INV
1 1 1037 73 INV
2 1 1038 1039 238 AND
2 1 783 1040 935 AND
2 1 668 682 992 AND
2 1 1041 533 993 AND
2 1 1041 673 899 AND
2 1 1041 648 994 AND
2 1 668 1040 893 AND
2 1 631 665 995 AND
2 1 672 1042 996 AND
2 1 1043 680 997 AND
1 1 1044 397 INV
2 1 682 665 895 AND
2 1 1045 539 998 AND
2 1 1041 652 999 AND
2 1 672 865 1000 AND
2 1 530 656 894 AND
2 1 1043 394 1001 AND
2 1 1043 539 1002 AND
2 1 682 394 1003 AND
2 1 783 1042 1004 AND
2 1 1041 656 1005 AND
2 1 631 394 1006 AND
2 1 1045 672 892 AND
2 1 682 670 1007 AND
2 1 1045 665 890 AND
2 1 672 673 1008 AND
2 1 530 631 1009 AND
2 1 682 539 891 AND
2 1 783 1045 1010 AND
2 1 1045 658 1011 AND
2 1 1043 670 1012 AND
2 1 680 1040 887 AND
2 1 1045 446 889 AND
2 1 1043 672 888 AND
2 1 1045 670 1013 AND
2 1 1043 658 1014 AND
2 1 530 1046 884 AND
2 1 1045 525 885 AND
2 1 682 446 1016 AND
2 1 1041 1046 1017 AND
2 1 530 533 1018 AND
2 1 680 1046 1019 AND
2 1 1041 1047 1020 AND
2 1 1045 530 1021 AND
2 1 1041 1048 1022 AND
2 1 1045 660 960 AND
2 1 631 446 1032 AND
2 1 1043 660 1033 AND
2 1 969 1026 902 AND
2 1 783 533 1034 AND
2 1 631 670 962 AND
2 1 672 656 896 AND
2 1 680 1049 961 AND
2 1 1043 530 1036 AND
2 1 1043 668 1037 AND
2 1 1043 661 1029 AND
1 1 1050 867 INV
1 1 1051 869 INV
1 1 1052 871 INV
1 1 1053 873 INV
1 1 1054 872 INV
1 1 945 864 INV
1 1 964 861 INV
1 1 1055 870 INV
1 1 1056 708 INV
1 1 1057 760 INV
1 1 1058 862 INV
1 1 1059 737 INV
1 1 1060 765 INV
1 1 1061 724 INV
1 1 1062 794 INV
1 1 1063 767 INV
1 1 1064 856 INV
2 1 682 672 1035 AND
1 1 1065 705 INV
1 1 421 866 INV
1 1 1066 831 INV
1 1 1067 103 INV
1 1 1068 39 INV
1 1 1069 83 INV
1 1 1070 859 INV
1 1 1071 80 INV
1 1 1072 739 INV
1 1 1073 863 INV
2 1 668 533 897 AND
2 1 1041 631 898 AND
1 1 1074 518 INV
1 1 1075 437 INV
2 1 1043 525 1015 AND
2 1 672 652 900 AND
2 1 1041 865 901 AND
2 1 672 1047 903 AND
2 1 680 682 904 AND
2 1 1076 881 905 AND
2 1 1045 661 906 AND
1 1 1077 835 INV
2 1 1043 783 907 AND
2 1 668 1047 908 AND
2 1 682 660 909 AND
2 1 1041 1049 910 AND
2 1 775 932 911 AND
2 1 932 601 966 AND
2 1 783 648 912 AND
2 1 1041 655 913 AND
2 1 631 660 915 AND
2 1 530 1047 916 AND
2 1 1043 1041 917 AND
2 1 1041 1042 918 AND
2 1 1043 665 919 AND
2 1 668 673 920 AND
2 1 1041 1040 922 AND
2 1 680 655 923 AND
2 1 668 865 886 AND
2 1 672 648 924 AND
2 1 631 650 925 AND
2 1 1043 446 926 AND
2 1 530 1049 927 AND
2 1 1045 394 921 AND
2 1 668 1045 928 AND
2 1 672 1046 929 AND
2 1 783 1046 957 AND
2 1 1041 682 990 AND
2 1 530 652 956 AND
2 1 680 648 989 AND
2 1 672 1040 991 AND
2 1 680 631 955 AND
2 1 530 1040 988 AND
2 1 668 631 954 AND
2 1 932 1026 958 AND
2 1 1045 650 959 AND
2 1 672 655 953 AND
1 1 1078 714 INV
1 1 1079 504 INV
1 1 1080 857 INV
1 1 1081 593 INV
1 1 1082 832 INV
1 1 1083 779 INV
1 1 1084 716 INV
1 1 1085 597 INV
1 1 1086 756 INV
1 1 1087 578 INV
1 1 1088 830 INV
2 1 783 1049 987 AND
2 1 783 656 986 AND
2 1 672 1049 971 AND
2 1 672 533 972 AND
2 1 530 1089 973 AND
2 1 1043 650 974 AND
2 1 682 661 967 AND
2 1 631 661 975 AND
2 1 530 655 976 AND
2 1 783 682 933 AND
2 1 783 865 977 AND
2 1 668 648 978 AND
2 1 682 650 979 AND
2 1 682 525 980 AND
2 1 783 631 1023 AND
2 1 631 539 981 AND
2 1 530 1042 982 AND
2 1 530 648 983 AND
2 1 1041 1045 984 AND
2 1 680 1047 985 AND
2 1 914 969 839 AND
1 1 1090 726 INV
1 1 1091 18 INV
2 1 932 914 796 AND
1 1 1092 836 INV
1 1 1093 720 INV
2 1 1047 661 1086 AND
1 1 1094 834 INV
1 1 1095 692 INV
1 1 1096 463 INV
2 1 601 968 1055 AND
1 1 1097 448 INV
2 1 865 539 1062 AND
2 1 650 1047 1061 AND
1 1 1098 942 INV
1 1 1099 626 INV
1 1 1100 820 INV
2 1 1049 446 1060 AND
2 1 1047 660 1087 AND
2 1 652 539 1059 AND
2 1 648 539 1088 AND
2 1 1042 446 1090 AND
1 1 1101 484 INV
2 1 673 539 1068 AND
1 1 1102 777 INV
1 1 1103 280 INV
1 1 1104 1028 INV
1 1 1105 462 INV
1 1 1106 730 INV
1 1 1107 855 INV
1 1 1108 586 INV
1 1 1109 1027 INV
1 1 1110 858 INV
1 1 1111 938 INV
1 1 1112 617 INV
1 1 1113 527 INV
2 1 775 780 1050 AND
2 1 970 781 1051 AND
2 1 1026 968 1052 AND
2 1 417 1026 965 AND
2 1 780 1031 1073 AND
2 1 1049 539 1057 AND
2 1 775 601 1054 AND
2 1 775 840 1053 AND
1 1 1114 750 INV
2 1 599 914 963 AND
2 1 865 670 1056 AND
1 1 1115 628 INV
1 1 1116 612 INV
2 1 1030 952 1070 AND
1 1 1117 722 INV
1 1 1118 941 INV
1 1 1119 1025 INV
1 1 1120 690 INV
1 1 1121 940 INV
2 1 446 656 1064 AND
1 1 1122 122 INV
1 1 1123 816 INV
1 1 1124 87 INV
1 1 1125 65 INV
1 1 1126 27 INV
2 1 599 1026 964 AND
1 1 668 930 INV
1 1 1043 685 INV
2 1 599 840 421 AND
1 1 682 931 INV
1 1 631 880 INV
1 1 1127 833 INV
1 1 1128 741 INV
2 1 865 661 1081 AND
2 1 539 533 1077 AND
2 1 665 865 1080 AND
2 1 865 660 1074 AND
1 1 1129 747 INV
2 1 1042 539 1091 AND
2 1 865 446 1078 AND
1 1 1130 798 INV
1 1 1131 728 INV
2 1 525 865 1085 AND
2 1 840 1031 1058 AND
1 1 1132 701 INV
1 1 1133 943 INV
2 1 665 1047 1067 AND
1 1 1134 1024 INV
1 1 1135 710 INV
1 1 1136 422 INV
1 1 1137 828 INV
2 1 1047 394 1092 AND
1 1 1138 542 INV
1 1 1139 373 INV
2 1 1047 670 1063 AND
2 1 865 1140 1065 AND
1 1 1141 1038 INV
1 1 1142 619 INV
1 1 1143 1039 INV
2 1 655 539 1072 AND
2 1 658 1047 1066 AND
1 1 1144 513 INV
1 1 1145 758 INV
1 1 1146 618 INV
1 1 1147 882 INV
2 1 650 865 1082 AND
2 1 648 446 1083 AND
1 1 672 951 INV
1 1 1148 734 INV
1 1 1149 696 INV
1 1 1150 453 INV
2 1 1040 539 1044 AND
1 1 1151 745 INV
2 1 655 446 1069 AND
2 1 1046 446 1079 AND
1 1 1152 939 INV
1 1 1153 937 INV
1 1 1154 883 INV
2 1 1046 539 1075 AND
2 1 1047 539 1071 AND
2 1 658 865 1084 AND
1 1 1041 790 INV
1 1 1155 486 INV
1 1 1045 934 INV
1 1 1156 118 INV
1 1 1157 44 INV
1 1 1158 55 INV
1 1 1159 138 INV
2 1 775 1031 945 AND
1 1 1160 158 INV
1 1 680 949 INV
1 1 783 947 INV
1 1 530 950 INV
2 1 1042 661 1154 AND
2 1 665 652 1151 AND
2 1 1040 670 1125 AND
2 1 1040 661 1122 AND
2 1 655 650 1153 AND
2 1 655 658 1124 AND
2 1 648 525 1107 AND
2 1 1046 394 1116 AND
2 1 1049 670 1137 AND
2 1 658 673 1157 AND
2 1 1042 394 1127 AND
2 1 655 670 1117 AND
2 1 525 673 1131 AND
2 1 673 394 1119 AND
2 1 1042 665 1110 AND
2 1 665 1049 1104 AND
2 1 1046 665 1160 AND
2 1 652 394 1158 AND
2 1 650 1046 1126 AND
2 1 1046 525 1115 AND
2 1 650 673 1130 AND
2 1 1042 658 1106 AND
2 1 652 660 1135 AND
2 1 650 652 1128 AND
2 1 648 650 1095 AND
2 1 673 661 1139 AND
2 1 650 533 1101 AND
2 1 670 533 1142 AND
2 1 655 394 1129 AND
2 1 525 652 1132 AND
2 1 525 1049 1133 AND
2 1 1040 658 1102 AND
2 1 1040 394 1121 AND
2 1 673 670 1113 AND
2 1 648 660 1093 AND
1 1 539 936 INV
2 1 665 656 1111 AND
2 1 1140 1161 530 AND
2 1 1162 1163 631 AND
2 1 1164 1163 682 AND
2 1 1048 1163 1043 AND
2 1 1042 660 1155 AND
2 1 658 652 1136 AND
2 1 648 665 1141 AND
2 1 665 533 1148 AND
1 1 1165 944 INV
2 1 648 670 1118 AND
2 1 1042 670 1152 AND
2 1 655 661 1123 AND
2 1 525 533 1096 AND
2 1 1049 661 1105 AND
2 1 1046 658 1146 AND
2 1 656 670 1097 AND
2 1 658 656 1112 AND
2 1 1040 650 1100 AND
2 1 1049 394 1150 AND
2 1 1042 650 1143 AND
2 1 658 1049 1145 AND
2 1 1040 660 1094 AND
2 1 656 394 1114 AND
2 1 650 656 1120 AND
2 1 658 533 1109 AND
2 1 648 658 1159 AND
2 1 665 673 1149 AND
2 1 1040 665 1156 AND
2 1 655 660 1138 AND
2 1 1040 525 1134 AND
2 1 661 533 1144 AND
2 1 1046 660 1108 AND
2 1 650 1049 1147 AND
2 1 1046 661 1098 AND
2 1 655 665 1099 AND
2 1 660 533 1103 AND
1 1 865 969 INV
1 1 446 881 INV
1 1 1047 932 INV
2 1 444 1166 680 AND
2 1 444 1161 783 AND
2 1 1140 1166 668 AND
2 1 1048 1167 1045 AND
2 1 1168 1166 1041 AND
2 1 1168 1161 672 AND
2 1 533 394 1165 AND
1 1 665 948 INV
1 1 661 970 INV
1 1 650 371 INV
1 1 658 1030 INV
1 1 648 417 INV
1 1 673 840 INV
2 1 1089 1169 1047 AND
2 1 1170 1166 446 AND
2 1 1170 1161 539 AND
1 1 525 1076 INV
1 1 660 952 INV
1 1 1049 599 INV
1 1 1040 914 INV
1 1 652 968 INV
1 1 1046 780 INV
1 1 656 1026 INV
1 1 655 775 INV
1 1 1042 601 INV
2 1 1089 1171 865 AND
2 1 1172 1171 1164 AND
2 1 1173 1171 1162 AND
1 1 1089 946 INV
2 1 1174 1175 1168 AND
1 1 533 1031 INV
2 1 1172 1176 656 AND
2 1 1177 1178 673 AND
2 1 1177 1179 1046 AND
2 1 1180 1178 655 AND
2 1 1181 1182 658 AND
2 1 1181 1183 525 AND
2 1 1181 1184 650 AND
1 1 394 781 INV
2 1 1178 1171 1048 AND
2 1 1183 1175 444 AND
2 1 1184 1175 1140 AND
2 1 1177 1173 1042 AND
2 1 1173 1176 652 AND
2 1 1180 1173 1049 AND
2 1 1177 1172 1040 AND
2 1 1183 1185 661 AND
2 1 1184 1185 660 AND
2 1 1180 1172 648 AND
2 1 1181 1174 665 AND
2 1 1174 1185 670 AND
2 1 1175 1182 1170 AND
2 1 1163 1179 1089 AND
2 1 1176 1179 533 AND
2 1 1185 1182 394 AND
2 1 1163 1169 1180 AND
2 1 1186 1187 1178 AND
2 1 1166 1188 1181 AND
2 1 1186 1189 1172 AND
2 1 1190 1191 1174 AND
2 1 1192 1193 1184 AND
2 1 1192 1190 1183 AND
2 1 1169 1167 1177 AND
2 1 1187 1194 1173 AND
2 1 1189 1194 1179 AND
2 1 1161 1188 1185 AND
2 1 1171 1167 1176 AND
2 1 1193 1191 1182 AND
1 1 1194 1186 INV
1 1 1171 1169 INV
1 1 1188 1175 INV
1 1 1167 1163 INV
1 1 1193 1190 INV
1 1 1191 1192 INV
1 1 1189 1187 INV
1 1 1161 1166 INV
