707 715
8 8 8
3 1 1 2 3 4 NOR
3 1 5 6 7 8 NOR
3 1 9 10 11 7 NAND
3 1 12 13 14 3 NAND
3 1 15 16 17 18 NOR
3 1 19 20 21 14 NOR
3 1 22 23 24 11 AND
1 1 25 17 INV
3 1 26 27 28 22 NOR
3 1 29 5 30 25 NOR
3 1 31 32 33 21 NAND
3 1 34 35 36 37 AND
3 1 38 39 40 28 NAND
3 1 41 42 43 30 NAND
3 1 44 45 46 47 NOR
3 1 48 49 50 33 NOR
3 1 51 52 53 54 AND
3 1 55 56 57 34 NOR
3 1 58 59 60 43 NOR
3 1 61 62 63 40 NOR
3 1 64 65 66 46 NAND
3 1 67 68 69 51 NOR
3 1 70 71 72 50 NAND
3 1 73 74 75 76 NOR
3 1 77 78 79 57 NAND
3 1 80 81 82 63 NAND
3 1 83 84 85 60 NAND
2 1 86 87 72 NOR
3 1 77 88 89 75 NAND
3 1 90 91 92 69 NAND
3 1 93 94 95 66 NOR
3 1 96 97 98 79 NOR
3 1 99 100 101 82 NOR
3 1 102 103 104 85 NOR
3 1 73 105 106 107 NOR
3 1 108 109 110 86 NAND
3 1 111 112 113 92 NOR
3 1 114 103 115 89 NOR
3 1 116 117 118 95 NAND
3 1 119 120 121 98 NAND
3 1 122 123 124 104 NAND
3 1 125 126 127 101 NAND
3 1 128 129 130 110 NOR
3 1 131 132 133 106 NAND
2 1 134 135 118 NOR
3 1 136 137 138 113 NAND
3 1 139 140 141 115 NAND
3 1 142 143 144 121 NOR
3 1 145 146 147 133 NOR
3 1 148 149 150 134 NAND
3 1 151 152 153 127 NOR
3 1 154 155 156 124 NOR
3 1 157 158 159 130 NAND
3 1 160 161 162 138 NOR
3 1 163 161 164 141 NOR
3 1 165 166 167 144 NAND
3 1 168 169 170 153 NAND
3 1 171 172 173 156 NAND
3 1 174 175 176 159 NOR
3 1 177 178 179 147 NAND
3 1 180 181 182 150 NOR
3 1 183 184 185 162 NAND
3 1 186 187 188 164 NAND
3 1 189 190 191 167 AND
3 1 192 120 193 182 NAND
3 1 194 195 196 170 NOR
3 1 197 198 199 173 NOR
3 1 200 201 140 176 NAND
3 1 202 203 204 179 NOR
3 1 205 206 207 103 NAND
3 1 208 209 210 188 NOR
3 1 211 212 213 204 NAND
3 1 214 215 216 196 NAND
3 1 217 218 219 199 NAND
3 1 220 221 222 207 NOR
3 1 223 97 224 140 NOR
3 1 225 226 227 210 NAND
1 1 203 126 INV
3 1 228 229 230 216 NOR
1 1 198 137 INV
3 1 231 232 233 213 NOR
3 1 234 235 236 222 NAND
3 1 168 237 238 224 NAND
1 1 178 181 INV
3 1 239 158 139 203 NAND
3 1 220 240 241 242 NOR
3 1 80 243 212 198 NAND
3 1 244 245 246 227 NOR
1 1 247 125 INV
3 1 248 249 246 178 NOR
2 1 250 218 175 NAND
3 1 217 251 252 247 NAND
1 1 174 136 INV
3 1 253 254 123 202 NAND
2 1 232 255 238 NOR
3 1 256 223 257 258 NOR
3 1 259 260 261 233 NAND
3 1 155 262 263 139 NOR
3 1 264 265 62 236 NOR
3 1 266 267 268 230 NAND
2 1 269 270 35 NAND
3 1 271 272 27 250 NOR
3 1 122 211 273 174 NAND
3 1 274 275 249 276 NOR
2 1 277 278 23 NAND
3 1 279 190 280 246 NAND
3 1 281 282 283 241 NAND
1 1 201 102 INV
3 1 9 284 283 221 NAND
3 1 192 285 226 212 AND
2 1 286 287 269 NAND
1 1 97 177 INV
2 1 288 26 123 NOR
3 1 289 290 163 251 NOR
3 1 291 292 293 56 NAND
3 1 231 294 152 201 NOR
3 1 295 296 297 232 NAND
2 1 298 172 27 NAND
3 1 165 299 81 161 NAND
3 1 300 301 302 62 NAND
3 1 303 229 304 211 NOR
3 1 71 191 305 192 AND
3 1 306 307 308 97 NAND
3 1 309 310 308 257 NAND
2 1 311 312 277 NAND
1 1 119 263 INV
1 1 240 252 INV
3 1 313 314 206 261 AND
2 1 315 316 223 NAND
1 1 317 280 INV
2 1 318 319 286 NAND
3 1 320 61 321 283 NOR
2 1 38 322 249 NAND
3 1 323 324 157 288 NAND
3 1 325 326 327 32 NOR
3 1 328 329 197 119 NOR
3 1 330 331 109 240 NAND
3 1 332 29 333 169 NOR
2 1 334 335 68 NOR
3 1 336 337 338 313 NOR
3 1 339 129 340 254 NOR
2 1 341 342 270 NAND
2 1 343 344 293 NAND
3 1 345 346 70 317 NAND
2 1 39 347 122 AND
2 1 209 348 71 NOR
3 1 349 350 351 237 NOR
3 1 352 19 353 285 NOR
3 1 336 354 208 298 NOR
1 1 355 315 INV
1 1 356 297 INV
2 1 357 358 311 NAND
3 1 359 360 143 158 NOR
2 1 361 362 272 NAND
2 1 363 364 163 NAND
3 1 365 366 166 152 NAND
1 1 187 304 INV
3 1 367 368 369 310 NOR
3 1 370 371 214 273 AND
1 1 253 160 INV
2 1 372 371 292 AND
2 1 373 267 220 NAND
3 1 374 225 183 38 AND
1 1 375 231 INV
3 1 376 1 194 191 NOR
2 1 195 377 308 NOR
3 1 314 378 379 302 AND
3 1 380 41 381 239 AND
2 1 382 383 45 NAND
2 1 384 385 318 NAND
3 1 386 387 388 282 NOR
3 1 389 64 390 299 AND
3 1 391 392 393 262 NAND
2 1 394 395 114 NOR
3 1 396 397 398 24 NOR
3 1 399 400 171 356 NAND
3 1 401 402 154 190 NOR
2 1 184 403 155 NAND
3 1 404 405 266 355 NAND
1 1 406 357 INV
1 1 350 215 INV
2 1 407 312 343 NAND
2 1 408 409 245 NOR
2 1 410 319 341 NAND
2 1 411 412 2 NAND
2 1 413 414 91 NOR
2 1 415 416 284 NOR
2 1 417 418 291 NAND
2 1 419 420 243 NOR
2 1 421 422 326 NAND
2 1 423 424 15 NOR
2 1 425 426 94 NOR
2 1 427 344 65 NAND
3 1 428 429 430 321 NAND
3 1 431 432 433 209 NAND
3 1 434 435 436 187 NOR
2 1 151 437 375 NOR
3 1 438 439 440 334 NOR
3 1 441 442 443 333 NAND
3 1 444 445 446 361 NOR
1 1 346 228 INV
1 1 256 363 INV
2 1 260 447 448 NAND
2 1 281 449 275 NAND
2 1 108 450 197 NAND
2 1 451 452 253 NOR
3 1 453 454 455 81 NOR
3 1 186 456 457 157 AND
3 1 458 459 36 39 AND
3 1 460 461 105 218 NOR
3 1 462 463 464 229 NAND
2 1 465 466 61 NAND
2 1 259 467 109 AND
2 1 431 433 142 NAND
2 1 468 469 331 NAND
2 1 470 471 394 NOR
2 1 472 473 382 NAND
2 1 474 475 406 NOR
2 1 476 477 149 NAND
3 1 478 479 480 374 NOR
1 1 388 380 INV
2 1 481 482 353 NOR
2 1 483 484 362 NOR
1 1 485 208 INV
2 1 474 486 70 NOR
2 1 487 53 256 NAND
2 1 488 55 346 NOR
2 1 489 490 168 NOR
2 1 491 492 166 NOR
2 1 493 494 129 NAND
2 1 495 496 217 NOR
2 1 497 31 184 AND
3 1 498 499 500 294 NAND
2 1 468 501 372 NAND
2 1 502 503 146 NOR
2 1 504 505 96 NOR
2 1 506 507 338 NOR
2 1 508 509 370 NOR
3 1 510 511 512 248 NAND
3 1 128 513 514 373 NOR
3 1 42 515 516 345 AND
2 1 517 418 383 NAND
3 1 518 519 520 340 NAND
3 1 521 522 523 303 NAND
2 1 524 525 351 NAND
1 1 410 384 INV
3 1 526 527 90 143 NAND
3 1 528 529 530 314 NOR
3 1 531 532 533 195 NAND
3 1 534 535 536 80 NOR
2 1 52 537 350 NAND
2 1 538 539 49 NOR
2 1 540 344 423 NOR
2 1 541 342 425 AND
2 1 542 540 485 NOR
2 1 543 507 369 NOR
2 1 544 545 546 NAND
2 1 547 548 415 NOR
2 1 549 550 421 NAND
2 1 551 552 180 NOR
2 1 13 553 393 AND
2 1 554 555 325 NOR
2 1 556 552 112 NOR
3 1 312 557 558 417 NAND
2 1 559 560 413 NOR
3 1 561 562 563 347 NOR
2 1 564 287 398 NOR
2 1 565 438 260 NOR
2 1 566 567 26 NAND
2 1 568 569 259 NOR
2 1 12 570 154 NAND
2 1 571 572 225 NOR
2 1 99 573 64 NOR
2 1 559 574 410 NAND
2 1 575 576 266 NOR
2 1 577 469 186 NAND
2 1 578 579 336 NAND
2 1 541 557 427 NAND
2 1 580 581 419 NOR
2 1 577 582 465 NAND
2 1 583 439 116 NAND
2 1 584 585 74 NOR
2 1 554 507 451 NOR
2 1 586 587 111 NOR
1 1 87 205 INV
2 1 588 589 335 NOR
2 1 588 344 412 NAND
2 1 590 545 441 NAND
2 1 591 592 405 NOR
3 1 593 469 594 407 NOR
3 1 309 519 574 408 AND
2 1 595 596 267 NOR
2 1 597 473 165 NAND
2 1 598 599 171 NOR
2 1 6 600 281 NOR
2 1 601 602 194 NAND
2 1 603 604 226 NOR
2 1 605 606 108 NOR
2 1 607 608 151 NAND
2 1 609 610 214 NOR
2 1 148 611 206 AND
2 1 612 613 388 NOR
1 1 566 440 INV
2 1 614 418 411 NAND
2 1 426 585 495 NOR
2 1 471 615 235 NAND
2 1 426 395 491 NOR
3 1 550 616 617 506 NOR
2 1 618 619 430 NAND
2 1 594 319 88 NAND
2 1 620 581 368 NOR
2 1 620 503 435 NOR
2 1 614 473 16 AND
2 1 614 621 84 NAND
2 1 426 312 454 NOR
1 1 612 470 INV
1 1 135 493 INV
2 1 622 582 422 NAND
2 1 623 624 396 NOR
2 1 625 555 20 NOR
2 1 625 626 93 NOR
2 1 627 539 145 NOR
2 1 625 548 337 NOR
2 1 482 623 489 NOR
2 1 628 469 521 NAND
2 1 342 482 504 AND
2 1 629 628 481 NOR
2 1 342 626 327 NOR
2 1 628 501 487 NAND
2 1 630 631 128 NAND
2 1 632 633 87 NAND
2 1 132 634 172 AND
2 1 635 636 183 NOR
2 1 617 471 450 NAND
2 1 471 550 537 NAND
2 1 637 539 67 NOR
2 1 471 593 525 NAND
2 1 426 638 44 NOR
2 1 626 624 446 NOR
2 1 639 626 508 NOR
2 1 626 312 436 NOR
2 1 640 626 437 NOR
2 1 641 505 100 NOR
2 1 642 643 117 NAND
1 1 424 517 INV
3 1 385 644 557 472 NAND
2 1 482 426 397 NOR
2 1 628 645 390 NAND
2 1 426 557 420 NOR
2 1 426 644 509 NOR
2 1 558 503 476 NAND
2 1 616 471 400 NAND
2 1 471 582 330 NAND
2 1 646 471 463 NAND
2 1 647 471 497 NAND
2 1 471 618 502 NOR
2 1 626 555 278 NAND
2 1 626 638 488 NOR
2 1 471 648 459 NAND
2 1 626 649 455 NOR
2 1 650 651 483 NAND
2 1 482 626 474 NOR
2 1 426 652 468 NAND
2 1 626 653 105 NOR
2 1 628 593 433 NAND
2 1 287 503 610 NOR
2 1 574 287 598 NOR
2 1 287 385 592 NOR
2 1 587 539 416 NOR
2 1 287 585 328 NOR
2 1 548 585 402 NOR
2 1 649 507 571 NOR
2 1 652 585 452 NOR
2 1 477 418 580 NOR
1 1 637 583 INV
2 1 654 615 547 NOR
2 1 655 656 414 NOR
2 1 629 589 524 NAND
2 1 587 287 480 NOR
2 1 629 657 458 NAND
2 1 312 658 486 NOR
2 1 439 654 391 NAND
2 1 654 659 518 NAND
2 1 505 624 484 NOR
2 1 655 312 513 NOR
2 1 505 385 529 NOR
2 1 660 659 131 NAND
2 1 654 621 499 NAND
2 1 505 395 255 NOR
2 1 616 344 532 NAND
2 1 418 661 365 NAND
2 1 505 581 600 NOR
2 1 477 661 520 NAND
2 1 629 662 403 NAND
2 1 501 319 399 NAND
2 1 655 395 568 NOR
2 1 653 287 496 NOR
2 1 505 557 575 NOR
2 1 501 418 516 NAND
2 1 593 319 316 NAND
2 1 654 473 428 NAND
2 1 574 649 544 NAND
2 1 505 644 349 NOR
2 1 653 663 352 NOR
2 1 664 649 573 NOR
2 1 665 385 461 NOR
2 1 665 624 264 NOR
2 1 643 648 515 NAND
2 1 643 654 234 NAND
2 1 505 638 542 NOR
2 1 477 469 378 NAND
2 1 655 624 565 NOR
2 1 655 385 289 NOR
2 1 655 587 606 NOR
2 1 505 585 135 NOR
2 1 648 418 608 NAND
2 1 649 652 1 NOR
2 1 557 287 19 NOR
2 1 629 643 612 NOR
2 1 629 593 42 NAND
2 1 617 615 541 NOR
2 1 616 545 309 NAND
2 1 648 344 566 NAND
2 1 617 661 559 NOR
2 1 587 663 29 NOR
2 1 666 648 77 NAND
2 1 616 319 90 NAND
2 1 287 581 401 NOR
1 1 475 556 INV
1 1 10 339 INV
2 1 557 552 535 NOR
2 1 505 503 271 NOR
2 1 617 621 533 NAND
2 1 629 615 500 NAND
2 1 616 621 324 NAND
2 1 482 287 530 NOR
2 1 649 555 609 NOR
2 1 613 287 595 NOR
2 1 648 659 602 NAND
2 1 629 645 301 NAND
2 1 666 654 567 NAND
2 1 505 574 387 NOR
2 1 638 652 490 NOR
2 1 557 663 434 NOR
2 1 482 652 59 NOR
2 1 617 473 296 NAND
2 1 645 418 553 NAND
2 1 616 418 381 NAND
2 1 477 473 584 NOR
2 1 646 418 305 NAND
2 1 617 418 512 NAND
2 1 582 418 300 NAND
2 1 477 646 611 NAND
2 1 647 319 442 NAND
2 1 477 617 443 NAND
2 1 587 552 244 NOR
2 1 667 668 83 NAND
2 1 616 666 432 NAND
2 1 545 648 669 NAND
2 1 616 647 551 NOR
2 1 545 319 586 NOR
2 1 648 621 579 NAND
2 1 617 545 279 NAND
2 1 617 668 389 NAND
2 1 662 648 543 NOR
2 1 613 665 360 NOR
2 1 482 665 354 NOR
2 1 665 560 549 NAND
2 1 574 665 332 NOR
2 1 439 648 456 NAND
2 1 617 648 538 NOR
2 1 655 649 367 NOR
1 1 558 597 INV
2 1 557 548 48 NOR
2 1 587 507 386 NOR
3 1 501 615 662 564 NOR
2 1 587 670 604 NOR
2 1 655 574 445 NOR
2 1 670 395 478 NOR
2 1 587 395 590 NAND
2 1 507 395 348 NOR
2 1 662 418 12 NAND
2 1 613 505 5 NOR
2 1 648 615 554 NOR
2 1 585 395 588 NAND
2 1 645 654 424 NOR
2 1 287 649 540 NOR
2 1 665 555 577 NAND
2 1 629 582 13 NAND
2 1 624 671 58 NOR
2 1 574 539 562 NOR
2 1 646 473 366 NAND
2 1 647 668 467 NAND
2 1 469 666 295 NAND
2 1 662 582 640 NOR
2 1 666 657 651 NAND
2 1 539 585 444 NOR
2 1 644 664 359 NOR
2 1 385 555 572 NOR
2 1 646 439 494 NAND
2 1 624 555 460 NOR
2 1 647 550 639 NOR
2 1 439 501 307 NAND
2 1 439 661 672 NAND
2 1 585 552 569 NOR
2 1 618 501 578 NAND
2 1 644 507 603 NOR
2 1 666 661 511 NAND
2 1 501 473 498 NAND
2 1 560 581 329 NOR
2 1 593 618 379 NAND
2 1 666 593 570 NAND
2 1 664 503 320 NOR
2 1 643 661 650 NAND
2 1 385 663 576 NOR
2 1 507 555 622 NAND
2 1 647 344 464 NAND
2 1 593 344 631 NAND
2 1 643 593 322 NAND
2 1 662 593 641 NOR
2 1 312 539 534 NOR
2 1 482 644 642 NAND
2 1 593 545 510 NAND
2 1 645 344 404 NAND
2 1 668 593 457 NAND
2 1 624 663 561 NOR
2 1 560 585 528 NOR
2 1 645 659 632 NAND
2 1 593 659 531 NAND
2 1 613 670 514 NOR
2 1 507 624 376 NOR
2 1 664 585 73 NOR
2 1 664 312 99 NOR
2 1 646 659 41 NAND
2 1 545 657 10 NAND
2 1 618 661 31 NAND
2 1 469 643 52 NAND
2 1 662 473 371 NAND
2 1 646 666 132 NAND
2 1 647 661 625 NOR
2 1 615 657 558 NOR
2 1 613 503 614 NAND
2 1 469 657 342 NOR
2 1 613 555 536 NOR
2 1 646 621 78 NAND
2 1 507 503 453 NOR
2 1 645 621 673 NAND
2 1 646 618 449 NAND
2 1 638 585 619 NAND
2 1 615 659 429 NAND
2 1 582 473 462 NAND
2 1 643 657 630 NAND
2 1 643 615 364 NAND
2 1 621 661 466 NAND
2 1 574 552 591 NOR
2 1 613 539 290 NOR
2 1 615 344 633 NAND
2 1 545 501 601 NAND
2 1 618 615 323 NAND
2 1 581 555 636 NOR
2 1 385 552 377 NOR
2 1 662 344 392 NAND
2 1 560 503 492 NOR
2 1 613 560 605 NOR
2 1 473 661 200 NAND
2 1 662 666 607 NAND
2 1 666 645 306 NAND
2 1 645 618 634 NAND
2 1 659 661 526 NAND
2 1 482 555 358 NAND
2 1 469 550 627 NOR
2 1 560 312 599 NOR
2 1 647 473 523 NAND
2 1 507 385 479 NOR
2 1 507 312 635 NOR
2 1 662 643 522 NAND
2 1 647 643 447 NAND
2 1 663 585 438 NOR
2 1 555 585 55 NOR
2 1 482 539 6 NOR
2 1 574 555 265 NOR
2 1 647 618 519 NAND
2 1 593 621 9 NAND
2 1 644 638 475 NAND
2 1 473 643 623 NOR
2 1 646 545 431 NAND
2 1 545 621 620 NOR
2 1 657 659 527 NAND
2 1 593 582 637 NOR
2 1 593 473 36 NAND
2 1 647 666 148 NAND
2 1 644 624 594 NAND
2 1 582 344 53 NAND
1 1 505 628 INV
1 1 629 426 INV
1 1 655 471 INV
1 1 477 626 INV
2 1 574 585 667 NAND
2 1 621 344 658 NOR
2 1 385 670 274 NOR
1 1 593 653 INV
1 1 473 652 INV
1 1 555 319 INV
1 1 624 654 INV
2 1 671 674 477 NOR
1 1 613 617 INV
1 1 638 648 INV
1 1 439 287 INV
1 1 663 418 INV
2 1 644 670 563 NOR
2 1 585 670 596 NOR
2 1 581 503 660 NAND
1 1 545 548 INV
1 1 618 665 INV
1 1 661 395 INV
1 1 645 649 INV
1 1 647 557 INV
1 1 469 587 INV
2 1 675 676 655 NAND
1 1 482 616 INV
2 1 671 676 629 NOR
2 1 675 674 505 NAND
1 1 643 664 INV
1 1 385 657 INV
1 1 666 560 INV
2 1 677 674 663 NAND
2 1 678 679 439 NOR
1 1 312 501 INV
1 1 574 662 INV
1 1 581 615 INV
2 1 680 681 647 NOR
2 1 682 681 661 NOR
1 1 668 507 INV
2 1 409 674 545 NOR
2 1 679 683 473 NOR
1 1 621 552 INV
2 1 589 684 638 NAND
1 1 503 582 INV
1 1 659 539 INV
2 1 680 685 469 NOR
3 1 686 687 688 613 NAND
2 1 409 676 618 NOR
1 1 644 646 INV
2 1 656 687 645 NOR
2 1 589 686 624 NAND
3 1 686 687 689 482 NAND
2 1 676 677 555 NAND
2 1 656 690 593 NOR
2 1 678 691 668 NOR
1 1 344 670 INV
2 1 692 683 659 NOR
2 1 689 693 503 NAND
2 1 689 694 385 NAND
2 1 678 692 666 NOR
2 1 688 694 312 NAND
2 1 692 695 675 NOR
2 1 696 697 671 NAND
1 1 585 550 INV
2 1 688 693 581 NAND
2 1 698 688 644 NAND
2 1 691 683 621 NOR
2 1 698 689 574 NAND
2 1 678 699 643 NOR
1 1 693 682 INV
1 1 696 679 INV
2 1 699 695 677 NOR
2 1 681 690 589 NOR
1 1 698 680 INV
2 1 697 700 409 NAND
2 1 701 686 656 NAND
2 1 683 699 344 NOR
2 1 694 701 585 NAND
1 1 700 691 INV
2 1 702 703 696 NOR
2 1 687 684 693 NOR
2 1 704 705 689 NOR
1 1 701 685 INV
2 1 687 686 698 NOR
2 1 702 703 692 NAND
2 1 676 695 678 NAND
2 1 706 707 688 NOR
2 1 705 707 701 NOR
2 1 708 703 699 NAND
2 1 674 695 683 NAND
2 1 708 703 700 NOR
2 1 705 707 681 NAND
2 1 686 690 694 NOR
1 1 705 706 INV
1 1 686 684 INV
1 1 690 687 INV
1 1 707 704 INV
1 1 708 702 INV
1 1 695 697 INV
1 1 674 676 INV
2 1 76 608 709 AND
3 1 710 302 242 185 AND
3 1 355 317 272 710 NOR
3 1 711 673 237 189 AND
3 1 202 221 247 711 NOR
3 1 712 321 356 193 NOR
3 1 258 236 169 712 NAND
3 1 713 672 546 120 AND
3 1 448 175 275 713 NOR
2 1 714 483 219 NOR
3 1 90 527 276 714 NAND
3 1 715 669 362 268 AND
2 1 265 448 715 NOR
