1012 1020
8 8 8
3 1 1 2 3 4 AND
3 1 5 6 7 8 AND
3 1 9 10 11 1 AND
3 1 12 13 14 15 AND
3 1 16 17 18 9 AND
3 1 19 20 21 5 AND
3 1 22 23 24 16 AND
3 1 25 26 27 19 AND
3 1 28 2 29 12 AND
3 1 30 31 32 33 AND
3 1 34 35 36 37 AND
3 1 38 39 40 22 AND
3 1 41 42 43 25 AND
3 1 44 45 46 28 AND
3 1 47 48 49 30 AND
3 1 50 51 52 34 AND
3 1 53 54 55 56 AND
3 1 57 58 59 44 AND
3 1 60 61 62 63 AND
3 1 64 65 66 38 AND
3 1 67 68 69 41 AND
3 1 70 71 72 50 AND
3 1 73 74 75 47 AND
3 1 76 77 78 53 AND
3 1 79 80 81 64 AND
3 1 82 83 84 67 AND
3 1 85 86 87 57 AND
3 1 88 89 90 60 AND
3 1 91 92 93 73 AND
3 1 94 95 96 70 AND
3 1 97 98 99 76 AND
3 1 100 101 102 82 AND
3 1 103 104 105 85 AND
3 1 106 104 107 88 AND
3 1 108 109 61 110 AND
3 1 111 112 113 79 AND
3 1 114 115 116 97 AND
3 1 117 118 119 91 AND
3 1 120 121 122 94 AND
3 1 123 124 125 111 AND
3 1 126 127 128 100 AND
3 1 129 130 131 103 AND
3 1 132 133 134 106 AND
3 1 135 136 137 108 AND
3 1 138 139 140 114 AND
3 1 141 142 143 117 AND
3 1 144 145 146 120 AND
3 1 147 148 149 135 AND
3 1 150 151 152 123 AND
3 1 153 154 155 126 AND
3 1 156 157 158 129 AND
3 1 159 145 160 132 AND
3 1 161 162 163 144 AND
3 1 164 165 166 138 AND
3 1 167 168 169 141 AND
3 1 170 171 172 156 AND
3 1 173 174 175 159 AND
3 1 176 165 92 147 AND
3 1 177 178 179 150 AND
3 1 180 122 181 153 AND
3 1 182 118 183 164 AND
3 1 184 185 186 167 AND
3 1 187 188 189 161 AND
3 1 190 102 191 104 AND
3 1 192 193 194 177 AND
3 1 195 196 105 180 AND
3 1 197 121 198 170 AND
3 1 199 200 201 173 AND
3 1 202 203 124 176 AND
3 1 204 205 193 182 AND
3 1 206 207 151 184 AND
3 1 208 209 210 187 AND
3 1 207 211 212 190 AND
3 1 213 214 215 202 AND
3 1 216 217 218 192 AND
2 1 133 219 195 AND
3 1 220 221 222 197 AND
3 1 223 224 225 199 AND
1 1 226 23 INV
3 1 227 228 229 204 AND
3 1 214 230 81 121 AND
3 1 231 232 212 208 AND
3 1 203 233 234 206 AND
1 1 235 31 INV
3 1 196 236 237 118 AND
3 1 238 239 240 213 AND
2 1 241 242 226 AND
3 1 243 244 245 216 AND
3 1 246 92 247 133 AND
3 1 205 248 249 211 AND
3 1 250 251 252 223 AND
3 1 253 254 255 220 AND
2 1 256 257 235 AND
3 1 250 258 259 165 AND
3 1 260 247 261 227 AND
3 1 134 181 262 124 AND
3 1 130 263 146 203 AND
3 1 24 264 221 196 AND
3 1 265 266 267 231 AND
3 1 215 268 131 122 AND
3 1 183 269 225 214 AND
3 1 265 270 10 207 AND
1 1 271 256 INV
3 1 272 273 274 238 AND
1 1 275 241 INV
3 1 232 276 222 151 AND
3 1 188 186 277 250 AND
3 1 278 279 280 243 AND
3 1 281 282 283 48 AND
3 1 284 233 178 246 AND
3 1 258 237 285 253 AND
3 1 65 286 287 205 AND
2 1 288 289 271 AND
3 1 154 290 40 130 AND
3 1 80 228 291 265 AND
3 1 174 279 292 215 AND
3 1 293 294 295 260 AND
2 1 296 297 275 AND
3 1 119 157 298 134 AND
3 1 83 185 299 183 AND
3 1 300 301 302 278 AND
2 1 209 303 264 AND
2 1 239 304 284 AND
1 1 305 281 INV
3 1 306 84 244 188 AND
3 1 168 307 112 145 AND
2 1 66 308 258 AND
3 1 301 309 310 236 AND
3 1 311 312 191 272 AND
1 1 313 257 INV
1 1 314 251 INV
3 1 315 316 317 42 AND
3 1 318 127 319 232 AND
3 1 240 152 320 105 AND
3 1 210 321 322 65 AND
2 1 323 324 305 AND
3 1 325 326 27 269 AND
3 1 327 328 329 293 AND
1 1 330 288 INV
1 1 331 51 INV
2 1 332 333 313 AND
2 1 334 335 98 AND
3 1 336 245 337 268 AND
2 1 338 339 314 AND
2 1 189 340 247 AND
2 1 200 341 83 AND
3 1 342 201 171 24 AND
3 1 294 343 344 92 AND
3 1 160 345 346 276 AND
1 1 347 13 INV
1 1 348 296 INV
2 1 349 337 283 AND
2 1 350 351 230 AND
2 1 352 353 54 AND
3 1 354 355 46 262 AND
3 1 354 356 357 266 AND
1 1 358 107 INV
3 1 198 359 360 119 AND
2 1 361 362 80 AND
3 1 363 364 365 174 AND
3 1 366 367 29 193 AND
3 1 175 368 369 154 AND
3 1 370 155 11 263 AND
3 1 371 372 373 311 AND
2 1 374 375 330 AND
2 1 376 377 331 AND
3 1 128 378 280 212 AND
3 1 379 380 381 209 AND
3 1 39 382 383 131 AND
3 1 384 385 386 228 AND
3 1 229 387 388 239 AND
3 1 389 218 390 233 AND
2 1 391 392 358 AND
2 1 393 74 89 AND
2 1 394 395 347 AND
2 1 396 397 270 AND
2 1 398 399 348 AND
2 1 400 401 315 AND
3 1 402 224 163 66 AND
3 1 312 403 404 210 AND
3 1 142 405 406 181 AND
2 1 407 408 146 AND
1 1 409 125 INV
1 1 410 93 INV
1 1 411 148 INV
1 1 412 349 INV
1 1 413 139 INV
1 1 414 318 INV
1 1 415 52 INV
1 1 416 95 INV
1 1 417 353 INV
1 1 418 327 INV
1 1 419 361 INV
1 1 420 350 INV
1 1 421 325 INV
1 1 422 309 INV
1 1 423 316 INV
1 1 424 323 INV
1 1 425 332 INV
1 1 426 77 INV
1 1 427 354 INV
2 1 428 429 84 AND
2 1 217 430 294 AND
3 1 194 7 431 185 AND
2 1 432 433 178 AND
1 1 434 175 INV
1 1 435 334 INV
2 1 373 436 342 AND
2 1 437 438 71 AND
2 1 439 440 6 AND
2 1 441 442 17 AND
2 1 443 444 336 AND
1 1 445 99 INV
1 1 446 363 INV
1 1 447 90 INV
3 1 448 449 450 366 AND
3 1 78 451 452 307 AND
3 1 379 453 287 300 AND
1 1 454 282 INV
1 1 455 338 INV
2 1 143 456 200 AND
2 1 101 457 198 AND
3 1 302 458 459 189 AND
3 1 169 460 461 152 AND
3 1 158 462 463 186 AND
2 1 274 464 127 AND
2 1 465 179 240 AND
2 1 162 466 157 AND
2 1 267 467 237 AND
2 1 261 468 160 AND
2 1 273 469 301 AND
2 1 470 471 418 AND
1 1 472 393 INV
1 1 473 407 INV
1 1 474 352 INV
1 1 475 396 INV
1 1 476 96 INV
1 1 477 398 INV
1 1 478 401 INV
1 1 479 317 INV
1 1 480 68 INV
1 1 481 18 INV
1 1 482 391 INV
1 1 483 328 INV
2 1 484 485 410 AND
2 1 486 487 411 AND
2 1 488 489 412 AND
2 1 490 491 413 AND
2 1 488 492 414 AND
2 1 493 494 415 AND
2 1 495 492 416 AND
2 1 395 496 417 AND
2 1 497 485 409 AND
2 1 498 487 419 AND
2 1 499 471 420 AND
2 1 500 501 421 AND
3 1 295 502 503 455 AND
2 1 504 505 423 AND
3 1 506 507 297 424 AND
2 1 498 492 434 AND
2 1 508 509 427 AND
1 1 510 371 INV
2 1 511 375 425 AND
2 1 512 324 426 AND
2 1 513 496 454 AND
1 1 514 374 INV
1 1 515 376 INV
2 1 516 517 435 AND
3 1 518 20 519 298 AND
2 1 520 521 422 AND
3 1 502 522 523 370 AND
2 1 493 524 445 AND
2 1 470 487 446 AND
2 1 525 505 447 AND
1 1 526 394 INV
1 1 527 384 INV
2 1 254 528 142 AND
3 1 172 529 530 229 AND
3 1 32 531 532 39 AND
3 1 533 534 535 112 AND
3 1 109 536 537 221 AND
3 1 538 539 540 312 AND
1 1 541 115 INV
2 1 542 543 482 AND
2 1 544 524 481 AND
2 1 545 494 480 AND
2 1 546 487 479 AND
2 1 547 375 478 AND
2 1 429 548 477 AND
2 1 549 550 476 AND
2 1 551 521 475 AND
2 1 552 553 474 AND
2 1 547 554 473 AND
2 1 555 375 472 AND
2 1 556 554 483 AND
1 1 557 439 INV
1 1 558 437 INV
1 1 559 166 INV
1 1 560 86 INV
1 1 561 14 INV
2 1 562 563 222 AND
2 1 564 36 261 AND
2 1 565 566 302 AND
2 1 567 49 244 AND
2 1 568 35 218 AND
2 1 569 21 158 AND
2 1 116 570 155 AND
2 1 571 572 274 AND
2 1 573 113 78 AND
2 1 574 575 169 AND
2 1 576 577 101 AND
2 1 578 579 194 AND
2 1 580 581 224 AND
2 1 582 583 143 AND
2 1 43 584 162 AND
2 1 585 586 373 AND
2 1 587 588 201 AND
2 1 589 590 245 AND
1 1 591 400 INV
1 1 592 443 INV
1 1 593 432 INV
1 1 594 428 INV
1 1 595 136 INV
1 1 596 87 INV
1 1 597 149 INV
1 1 598 372 INV
1 1 599 465 INV
1 1 600 441 INV
1 1 601 440 INV
1 1 602 335 INV
1 1 603 26 INV
1 1 604 448 INV
2 1 605 554 510 AND
2 1 606 607 514 AND
3 1 608 609 610 292 AND
3 1 45 611 612 306 AND
3 1 613 614 289 515 AND
3 1 615 616 617 320 AND
3 1 618 619 620 259 AND
2 1 621 622 290 AND
2 1 623 624 527 AND
2 1 587 625 526 AND
2 1 626 627 389 AND
2 1 628 629 380 AND
2 1 630 631 378 AND
3 1 632 633 634 279 AND
3 1 635 636 637 217 AND
1 1 638 168 INV
2 1 3 639 267 AND
2 1 640 137 171 AND
2 1 641 642 102 AND
2 1 643 613 273 AND
2 1 644 645 128 AND
2 1 646 140 191 AND
2 1 255 647 379 AND
2 1 648 550 559 AND
1 1 649 525 INV
1 1 650 497 INV
1 1 651 242 INV
1 1 652 513 INV
1 1 653 512 INV
1 1 654 516 INV
1 1 606 511 INV
2 1 655 656 541 AND
2 1 657 553 561 AND
2 1 657 550 560 AND
3 1 658 659 660 402 AND
1 1 661 500 INV
2 1 662 663 558 AND
2 1 657 496 557 AND
2 1 664 665 506 AND
1 1 666 495 INV
1 1 667 499 INV
1 1 668 377 INV
1 1 669 504 INV
1 1 670 486 INV
2 1 671 672 163 AND
2 1 614 673 40 AND
3 1 674 675 676 81 AND
2 1 72 677 254 AND
2 1 678 554 596 AND
1 1 679 484 INV
2 1 680 681 518 AND
1 1 682 520 INV
2 1 683 553 638 AND
2 1 684 521 604 AND
1 1 542 508 INV
2 1 685 375 603 AND
2 1 686 491 591 AND
2 1 687 491 592 AND
2 1 688 501 593 AND
2 1 689 489 594 AND
2 1 690 494 595 AND
1 1 691 490 INV
2 1 692 494 597 AND
2 1 685 521 598 AND
2 1 693 491 599 AND
2 1 688 694 600 AND
2 1 695 324 601 AND
2 1 685 491 602 AND
1 1 696 470 INV
1 1 697 395 INV
1 1 698 498 INV
1 1 699 488 INV
2 1 700 62 179 AND
1 1 701 493 INV
1 1 702 442 INV
2 1 703 704 698 AND
1 1 705 286 INV
1 1 706 522 INV
1 1 707 605 INV
1 1 708 539 INV
3 1 709 297 710 652 AND
2 1 711 710 653 AND
2 1 333 711 654 AND
2 1 712 713 699 AND
1 1 714 519 INV
1 1 715 621 INV
1 1 716 568 INV
1 1 717 627 INV
1 1 718 646 INV
1 1 719 644 INV
1 1 720 529 INV
1 1 721 551 INV
1 1 722 340 INV
1 1 723 615 INV
1 1 724 546 INV
1 1 725 623 INV
1 1 726 556 INV
1 1 727 367 INV
1 1 728 567 INV
1 1 729 399 INV
1 1 730 532 INV
1 1 731 632 INV
1 1 732 569 INV
1 1 733 404 INV
1 1 734 462 INV
1 1 735 403 INV
1 1 736 564 INV
1 1 737 635 INV
1 1 738 544 INV
1 1 739 565 INV
1 1 740 459 INV
1 1 741 277 INV
1 1 742 585 INV
2 1 507 743 701 AND
1 1 744 534 INV
2 1 333 745 679 AND
2 1 709 743 691 AND
2 1 507 503 650 AND
1 1 548 549 INV
1 1 664 555 INV
2 1 746 704 651 AND
2 1 747 503 682 AND
2 1 748 749 458 AND
2 1 750 751 382 AND
2 1 746 752 667 AND
2 1 753 754 668 AND
2 1 703 755 669 AND
2 1 703 543 670 AND
2 1 756 704 666 AND
2 1 712 757 661 AND
2 1 746 713 649 AND
1 1 758 429 INV
1 1 759 10 INV
1 1 760 547 INV
1 1 761 116 INV
1 1 762 502 INV
1 1 763 2 INV
2 1 764 765 255 AND
1 1 766 32 INV
1 1 767 20 INV
2 1 768 503 606 AND
2 1 769 770 280 AND
1 1 771 69 INV
1 1 772 248 INV
2 1 747 773 697 AND
1 1 774 626 INV
2 1 756 775 696 AND
1 1 776 584 INV
1 1 777 234 INV
1 1 778 580 INV
1 1 779 405 INV
1 1 780 381 INV
1 1 781 571 INV
1 1 782 641 INV
1 1 783 563 INV
1 1 784 533 INV
1 1 785 55 INV
1 1 786 552 INV
1 1 787 573 INV
1 1 788 630 INV
1 1 789 466 INV
1 1 790 436 INV
1 1 791 562 INV
1 1 792 319 INV
1 1 793 647 INV
1 1 794 329 INV
1 1 795 536 INV
1 1 796 345 INV
1 1 797 364 INV
1 1 798 588 INV
1 1 799 453 INV
1 1 800 451 INV
1 1 801 444 INV
1 1 802 438 INV
1 1 803 449 INV
1 1 804 390 INV
1 1 805 640 INV
1 1 806 578 INV
1 1 807 326 INV
1 1 808 303 INV
1 1 809 467 INV
1 1 810 582 INV
1 1 811 589 INV
1 1 812 643 INV
1 1 813 368 INV
1 1 814 343 INV
1 1 815 628 INV
1 1 816 608 INV
1 1 817 618 INV
1 1 818 356 INV
1 1 819 351 INV
1 1 820 308 INV
1 1 821 574 INV
1 1 822 304 INV
1 1 823 639 INV
1 1 824 457 INV
1 1 825 576 INV
1 1 826 531 INV
1 1 827 321 INV
1 1 828 583 INV
1 1 829 545 INV
1 1 830 43 INV
1 1 831 109 INV
1 1 832 587 INV
1 1 833 295 INV
1 1 834 11 INV
1 1 835 7 INV
1 1 836 45 INV
2 1 837 838 225 AND
2 1 839 840 172 AND
2 1 712 841 542 AND
2 1 842 496 714 AND
2 1 509 485 763 AND
2 1 624 392 830 AND
2 1 521 501 833 AND
2 1 521 843 834 AND
1 1 844 322 INV
1 1 845 689 INV
1 1 846 690 INV
1 1 847 581 INV
1 1 848 693 INV
1 1 849 687 INV
1 1 850 365 INV
1 1 851 383 INV
2 1 517 487 767 AND
1 1 709 683 INV
2 1 485 392 822 AND
2 1 852 491 831 AND
3 1 745 853 854 707 AND
3 1 607 855 710 786 AND
2 1 491 842 784 AND
2 1 852 375 722 AND
2 1 624 489 742 AND
2 1 624 509 779 AND
1 1 856 619 INV
1 1 857 461 INV
2 1 521 509 741 AND
2 1 842 553 835 AND
1 1 858 612 INV
1 1 859 655 INV
1 1 860 648 INV
1 1 861 385 INV
1 1 862 59 INV
1 1 863 566 INV
1 1 864 433 INV
1 1 865 672 INV
2 1 842 324 740 AND
1 1 768 662 INV
2 1 485 866 739 AND
2 1 517 501 702 AND
2 1 852 494 737 AND
2 1 842 524 832 AND
2 1 624 842 805 AND
2 1 867 505 716 AND
2 1 517 868 717 AND
1 1 869 611 INV
2 1 852 517 836 AND
1 1 753 695 INV
2 1 491 870 718 AND
1 1 333 686 INV
2 1 852 324 719 AND
2 1 867 501 720 AND
2 1 773 871 721 AND
2 1 485 489 736 AND
2 1 517 471 723 AND
2 1 872 704 724 AND
2 1 867 471 772 AND
1 1 873 680 INV
2 1 852 624 735 AND
2 1 485 843 708 AND
2 1 853 874 829 AND
2 1 854 874 725 AND
2 1 874 503 726 AND
2 1 624 875 727 AND
2 1 491 876 728 AND
2 1 485 870 804 AND
2 1 842 517 827 AND
2 1 745 704 729 AND
2 1 517 843 730 AND
2 1 867 870 731 AND
2 1 852 663 732 AND
2 1 491 492 733 AND
2 1 521 505 734 AND
1 1 877 688 INV
1 1 878 287 INV
1 1 879 614 INV
1 1 880 21 INV
1 1 881 62 INV
1 1 882 49 INV
1 1 883 74 INV
1 1 884 657 INV
1 1 885 685 INV
2 1 624 843 795 AND
2 1 491 501 758 AND
2 1 624 866 762 AND
2 1 485 505 761 AND
1 1 886 684 INV
2 1 867 876 826 AND
2 1 874 871 760 AND
2 1 624 471 715 AND
2 1 852 550 759 AND
1 1 887 299 INV
1 1 888 355 INV
1 1 889 431 INV
1 1 890 673 INV
1 1 891 537 INV
1 1 892 523 INV
1 1 893 369 INV
1 1 894 530 INV
1 1 895 674 INV
2 1 521 866 771 AND
2 1 867 492 825 AND
2 1 867 509 824 AND
2 1 491 694 780 AND
2 1 867 392 781 AND
3 1 297 503 871 738 AND
2 1 852 656 820 AND
2 1 842 494 782 AND
2 1 517 505 783 AND
1 1 896 617 INV
2 1 517 876 785 AND
2 1 624 694 705 AND
2 1 842 656 787 AND
2 1 867 489 788 AND
2 1 491 392 706 AND
2 1 517 875 789 AND
2 1 624 501 790 AND
2 1 852 524 791 AND
2 1 867 487 792 AND
2 1 485 694 793 AND
1 1 897 450 INV
2 1 867 842 794 AND
2 1 852 553 766 AND
2 1 867 843 796 AND
2 1 485 876 798 AND
1 1 898 586 INV
2 1 491 489 797 AND
2 1 521 876 799 AND
2 1 842 485 800 AND
1 1 899 678 INV
2 1 517 870 801 AND
2 1 852 867 774 AND
1 1 900 579 INV
2 1 867 901 802 AND
2 1 491 509 803 AND
2 1 867 866 776 AND
2 1 852 485 810 AND
2 1 521 489 806 AND
2 1 852 496 807 AND
1 1 902 692 INV
2 1 485 487 808 AND
2 1 624 870 809 AND
2 1 842 550 777 AND
2 1 842 375 811 AND
2 1 867 694 812 AND
1 1 903 249 INV
2 1 852 554 813 AND
2 1 842 663 814 AND
2 1 867 875 815 AND
2 1 517 489 744 AND
2 1 485 492 816 AND
2 1 852 521 817 AND
2 1 485 875 818 AND
2 1 521 870 828 AND
2 1 517 866 819 AND
2 1 517 392 821 AND
2 1 485 471 823 AND
2 1 842 554 778 AND
1 1 904 72 INV
1 1 905 29 INV
1 1 906 613 INV
2 1 855 773 664 AND
2 1 874 855 548 AND
2 1 853 743 884 AND
2 1 492 496 905 AND
1 1 907 577 INV
2 1 876 324 879 AND
1 1 908 676 INV
1 1 909 357 INV
1 1 910 609 INV
1 1 911 528 INV
2 1 694 496 851 AND
1 1 912 620 INV
1 1 913 765 INV
1 1 914 840 INV
1 1 915 310 INV
1 1 916 658 INV
1 1 917 764 INV
1 1 918 700 INV
1 1 919 634 INV
2 1 775 625 845 AND
2 1 665 920 886 AND
2 1 866 496 850 AND
2 1 854 665 902 AND
2 1 503 743 848 AND
1 1 921 769 INV
2 1 854 710 849 AND
1 1 922 616 INV
2 1 876 496 881 AND
2 1 505 496 906 AND
1 1 923 839 INV
2 1 841 713 877 AND
1 1 924 468 INV
2 1 656 694 903 AND
1 1 925 770 INV
1 1 926 622 INV
2 1 663 876 883 AND
1 1 927 749 INV
1 1 928 430 INV
1 1 929 469 INV
1 1 930 681 INV
1 1 931 570 INV
1 1 932 748 INV
1 1 933 633 INV
1 1 934 359 INV
1 1 935 751 INV
1 1 936 590 INV
1 1 937 386 INV
1 1 938 464 INV
1 1 939 642 INV
1 1 940 538 INV
1 1 941 637 INV
2 1 871 743 846 AND
1 1 942 677 INV
2 1 710 920 885 AND
1 1 943 252 INV
1 1 944 838 INV
1 1 945 406 INV
1 1 946 572 INV
2 1 854 503 899 AND
2 1 509 496 856 AND
2 1 509 375 895 AND
1 1 947 75 INV
1 1 948 388 INV
1 1 949 629 INV
1 1 950 362 INV
1 1 951 140 INV
1 1 952 61 INV
1 1 842 747 INV
1 1 953 27 INV
1 1 954 3 INV
2 1 854 920 753 AND
1 1 491 746 INV
2 1 607 665 333 AND
1 1 955 360 INV
1 1 956 460 INV
2 1 875 375 878 AND
2 1 501 375 904 AND
1 1 957 285 INV
2 1 489 496 869 AND
1 1 958 645 INV
2 1 524 694 873 AND
1 1 959 341 INV
2 1 496 487 844 AND
2 1 496 392 857 AND
2 1 656 876 858 AND
2 1 745 855 859 AND
2 1 745 710 860 AND
2 1 694 553 861 AND
2 1 694 960 862 AND
1 1 961 659 INV
1 1 962 837 INV
1 1 963 535 INV
1 1 964 344 INV
2 1 843 496 863 AND
1 1 965 291 INV
1 1 966 540 INV
2 1 876 553 864 AND
1 1 967 631 INV
2 1 375 471 865 AND
2 1 694 550 896 AND
2 1 505 375 882 AND
1 1 968 387 INV
1 1 969 58 INV
2 1 694 375 891 AND
1 1 970 610 INV
2 1 875 496 880 AND
1 1 971 456 INV
1 1 972 636 INV
1 1 973 575 INV
2 1 501 496 888 AND
1 1 974 346 INV
1 1 975 675 INV
1 1 485 757 INV
1 1 976 463 INV
1 1 977 397 INV
2 1 843 375 847 AND
1 1 978 219 INV
2 1 554 694 889 AND
1 1 979 750 INV
2 1 663 694 890 AND
2 1 694 494 892 AND
2 1 524 876 893 AND
1 1 980 408 INV
2 1 870 496 887 AND
2 1 876 494 900 AND
2 1 876 550 898 AND
2 1 866 375 897 AND
2 1 489 375 894 AND
1 1 981 671 INV
1 1 982 452 INV
2 1 853 920 768 AND
1 1 983 113 INV
1 1 984 137 INV
1 1 867 543 INV
1 1 521 756 INV
2 1 853 871 711 AND
1 1 985 36 INV
1 1 986 46 INV
1 1 987 337 INV
1 1 988 35 INV
1 1 517 712 INV
2 1 607 871 709 AND
1 1 624 703 INV
1 1 852 507 INV
2 1 489 494 975 AND
2 1 843 494 942 AND
2 1 524 392 915 AND
2 1 656 487 965 AND
2 1 505 550 946 AND
2 1 875 324 930 AND
2 1 663 843 913 AND
2 1 870 663 984 AND
2 1 875 550 927 AND
2 1 501 494 954 AND
2 1 505 524 934 AND
2 1 663 392 912 AND
2 1 492 324 944 AND
2 1 656 392 917 AND
2 1 505 324 925 AND
2 1 509 663 907 AND
2 1 663 492 948 AND
2 1 505 663 966 AND
2 1 663 487 973 AND
2 1 866 324 933 AND
2 1 524 866 953 AND
2 1 471 494 937 AND
2 1 866 656 929 AND
2 1 870 554 962 AND
2 1 524 843 932 AND
2 1 492 550 943 AND
2 1 489 663 923 AND
2 1 843 324 957 AND
2 1 553 392 978 AND
2 1 489 524 964 AND
2 1 489 553 922 AND
2 1 866 554 938 AND
2 1 471 324 939 AND
2 1 656 471 924 AND
2 1 843 550 928 AND
2 1 870 494 986 AND
2 1 550 392 950 AND
2 1 875 553 987 AND
2 1 509 324 967 AND
1 1 989 660 INV
2 1 509 524 921 AND
2 1 494 392 911 AND
2 1 875 494 979 AND
2 1 339 990 624 AND
2 1 960 990 517 AND
2 1 991 990 485 AND
2 1 501 550 926 AND
2 1 866 550 908 AND
2 1 866 663 951 AND
2 1 524 487 936 AND
2 1 663 471 955 AND
2 1 487 553 919 AND
2 1 875 524 914 AND
2 1 870 553 956 AND
2 1 656 492 988 AND
2 1 505 494 949 AND
2 1 875 663 918 AND
2 1 656 843 958 AND
2 1 487 324 985 AND
2 1 870 550 947 AND
2 1 554 392 959 AND
2 1 505 553 980 AND
2 1 492 494 977 AND
1 1 496 752 INV
2 1 501 324 941 AND
2 1 870 656 945 AND
2 1 509 550 972 AND
2 1 870 524 931 AND
2 1 501 524 940 AND
2 1 509 494 974 AND
2 1 870 324 935 AND
2 1 509 553 968 AND
2 1 554 487 963 AND
2 1 501 663 971 AND
2 1 505 656 952 AND
2 1 489 656 983 AND
2 1 554 843 961 AND
2 1 875 656 910 AND
2 1 501 553 969 AND
2 1 509 554 982 AND
2 1 866 553 970 AND
2 1 554 492 909 AND
2 1 489 554 981 AND
2 1 524 471 976 AND
2 1 524 492 916 AND
1 1 694 773 INV
1 1 876 874 INV
1 1 375 704 INV
2 1 339 992 521 AND
2 1 960 992 491 AND
2 1 901 993 842 AND
2 1 901 994 852 AND
2 1 991 992 867 AND
1 1 554 872 INV
1 1 524 289 INV
1 1 656 841 INV
1 1 870 855 INV
1 1 492 665 INV
1 1 489 297 INV
1 1 487 743 INV
1 1 509 853 INV
1 1 875 503 INV
2 1 868 995 876 AND
2 1 996 990 496 AND
1 1 663 755 INV
2 1 392 324 989 AND
1 1 550 775 INV
1 1 553 713 INV
1 1 843 607 INV
1 1 501 745 INV
1 1 866 710 INV
1 1 471 871 INV
1 1 505 854 INV
2 1 868 997 694 AND
2 1 996 992 375 AND
1 1 868 754 INV
2 1 998 999 960 AND
1 1 392 920 INV
2 1 1000 1001 471 AND
2 1 1002 1003 656 AND
3 1 1004 994 997 501 AND
2 1 1005 1000 870 AND
2 1 1006 1007 550 AND
2 1 1008 1000 489 AND
2 1 1002 1009 663 AND
2 1 1009 1007 494 AND
2 1 1002 998 524 AND
2 1 1009 999 991 AND
1 1 324 625 INV
2 1 1006 999 339 AND
2 1 1010 997 901 AND
2 1 1005 1004 875 AND
2 1 1008 1004 843 AND
2 1 1005 1010 492 AND
2 1 1004 1001 487 AND
2 1 1005 1011 866 AND
2 1 1002 1006 554 AND
3 1 1000 994 997 509 AND
2 1 1008 1010 505 AND
2 1 998 1007 553 AND
2 1 999 1003 996 AND
2 1 1007 1003 324 AND
2 1 994 1011 868 AND
2 1 1001 1011 392 AND
2 1 1012 1013 1010 AND
2 1 994 995 1008 AND
2 1 1014 1015 998 AND
2 1 992 1016 1002 AND
2 1 1017 1018 1009 AND
2 1 1014 1017 1006 AND
2 1 995 993 1005 AND
2 1 1012 1019 1000 AND
2 1 1013 1020 1004 AND
2 1 1019 1020 1011 AND
2 1 997 993 1001 AND
2 1 1015 1018 1003 AND
2 1 990 1016 1007 AND
1 1 1015 1017 INV
1 1 1018 1014 INV
1 1 1016 999 INV
1 1 993 994 INV
1 1 1019 1013 INV
1 1 1020 1012 INV
1 1 997 995 INV
1 1 990 992 INV
