879 887
8 8 8
2 1 1 2 3 NOR
2 1 4 5 1 NAND
2 1 6 7 8 NOR
2 1 9 10 4 NOR
2 1 11 12 9 NAND
2 1 13 14 6 NAND
2 1 15 16 13 NOR
2 1 17 18 11 NOR
2 1 19 20 15 NAND
2 1 21 22 17 NAND
2 1 23 24 19 AND
2 1 25 26 21 NOR
2 1 27 28 29 NOR
2 1 30 31 23 NOR
2 1 32 33 25 NAND
2 1 34 5 27 NAND
2 1 35 36 37 NOR
2 1 38 39 32 NOR
2 1 40 41 30 NAND
2 1 42 43 34 NOR
2 1 44 45 40 NOR
2 1 46 47 48 AND
2 1 49 50 38 NAND
2 1 51 52 35 NAND
2 1 53 54 55 NOR
2 1 56 57 42 NAND
2 1 58 59 49 NOR
2 1 60 61 51 NOR
2 1 62 63 44 NAND
2 1 64 65 46 NOR
2 1 66 67 53 NAND
2 1 68 69 56 NOR
2 1 70 71 64 NAND
2 1 72 73 60 NAND
2 1 74 75 58 NAND
2 1 76 77 62 NOR
2 1 78 79 80 NOR
2 1 81 82 68 NAND
2 1 83 84 66 AND
2 1 85 86 76 NAND
2 1 87 88 89 NOR
2 1 90 91 70 NOR
2 1 92 93 72 NOR
2 1 94 95 74 NOR
2 1 96 97 83 NOR
2 1 98 99 81 NOR
2 1 100 101 78 NAND
2 1 102 103 92 NAND
2 1 104 105 94 NAND
2 1 106 107 85 NOR
2 1 108 109 90 NAND
2 1 110 101 87 NAND
2 1 111 112 96 NAND
2 1 113 114 100 NOR
2 1 115 116 98 NAND
2 1 117 118 108 NOR
2 1 119 120 110 NOR
2 1 121 122 106 NAND
2 1 123 124 102 NOR
2 1 125 126 104 AND
2 1 127 128 113 NAND
2 1 129 130 111 NOR
2 1 131 132 115 NOR
2 1 133 134 117 NAND
2 1 135 136 119 NAND
2 1 137 138 125 NOR
2 1 139 140 121 NOR
2 1 141 142 123 NAND
2 1 143 144 129 NAND
2 1 145 146 131 NAND
2 1 147 148 127 AND
2 1 149 150 133 NOR
2 1 151 152 135 NOR
2 1 153 154 139 NAND
2 1 155 156 137 NAND
2 1 157 158 141 NOR
2 1 159 132 147 NOR
2 1 160 161 143 NOR
2 1 162 163 145 NOR
2 1 164 165 151 NAND
2 1 166 167 149 NAND
2 1 168 169 153 NOR
2 1 170 171 155 NOR
2 1 172 173 157 NAND
2 1 174 175 159 NAND
2 1 176 177 162 NAND
2 1 178 179 160 NAND
2 1 180 181 168 NAND
2 1 182 183 172 NOR
2 1 184 185 170 NAND
2 1 186 142 164 AND
2 1 187 188 166 NOR
2 1 189 190 176 NOR
2 1 191 192 178 NOR
2 1 193 194 180 NOR
2 1 195 196 184 NOR
2 1 197 198 182 NAND
2 1 199 200 187 NAND
2 1 201 202 186 NOR
2 1 203 204 189 NAND
2 1 205 206 191 NAND
2 1 207 202 199 NOR
2 1 208 156 201 NAND
2 1 209 210 193 NAND
2 1 211 212 195 NAND
2 1 213 214 197 NOR
2 1 215 216 217 NOR
2 1 218 219 203 NOR
2 1 220 221 205 NOR
2 1 222 223 207 NAND
2 1 224 225 208 NOR
2 1 226 179 209 AND
2 1 227 228 211 NOR
2 1 229 230 213 NAND
2 1 231 232 215 NAND
2 1 233 234 218 NAND
2 1 235 236 220 NAND
2 1 237 238 222 NOR
2 1 239 240 224 NAND
2 1 241 242 226 NOR
2 1 243 244 227 NAND
2 1 245 246 229 NOR
2 1 247 248 231 NOR
2 1 249 161 233 NOR
2 1 250 251 235 AND
2 1 252 253 239 NOR
2 1 254 255 237 NAND
2 1 256 257 245 NAND
2 1 258 146 241 NAND
2 1 259 260 243 NOR
2 1 261 262 247 NAND
2 1 263 264 250 NOR
2 1 265 266 249 NAND
2 1 267 268 132 NAND
2 1 269 270 252 NAND
2 1 271 228 254 NOR
2 1 272 273 258 NOR
2 1 274 171 256 NOR
2 1 275 276 259 NAND
2 1 277 278 263 NAND
2 1 279 280 261 NOR
2 1 281 282 265 NOR
2 1 283 284 269 NOR
2 1 285 286 271 NAND
2 1 287 288 274 NAND
2 1 289 290 275 NOR
2 1 291 142 272 NAND
2 1 292 293 281 NAND
2 1 294 295 277 NOR
2 1 296 297 279 NAND
1 1 223 158 INV
2 1 298 299 283 NAND
2 1 300 301 285 NOR
2 1 302 303 291 NOR
2 1 225 304 287 NOR
2 1 305 306 289 NAND
2 1 242 307 223 NOR
2 1 308 309 294 NAND
2 1 310 311 296 NOR
2 1 312 313 292 NOR
2 1 314 288 315 NAND
2 1 316 317 298 NOR
2 1 318 319 300 NAND
2 1 320 212 302 NAND
2 1 240 321 161 NAND
2 1 322 323 305 AND
2 1 324 293 242 NAND
2 1 325 326 156 NOR
1 1 327 225 INV
2 1 328 329 310 NAND
2 1 330 163 327 NOR
2 1 331 328 202 NAND
2 1 332 333 312 NAND
2 1 334 335 308 NOR
2 1 255 336 314 AND
2 1 337 338 322 NOR
2 1 339 340 316 NAND
2 1 341 303 318 NOR
1 1 175 325 INV
2 1 342 26 324 NOR
2 1 238 343 240 NOR
2 1 344 345 61 NAND
2 1 346 347 331 NOR
2 1 346 348 332 NOR
2 1 349 350 334 NAND
2 1 351 253 179 NOR
2 1 264 352 328 NOR
2 1 353 206 330 NAND
2 1 354 355 52 NAND
2 1 59 356 255 NOR
2 1 357 190 175 NOR
2 1 349 358 288 AND
2 1 359 268 339 AND
2 1 360 361 341 NAND
1 1 362 304 INV
2 1 86 363 238 NAND
2 1 364 365 337 NAND
2 1 366 367 329 NOR
1 1 368 342 INV
2 1 369 370 344 NOR
2 1 371 372 354 NAND
2 1 373 374 362 NOR
2 1 295 375 368 NOR
2 1 210 376 326 NAND
2 1 377 378 343 NAND
2 1 173 379 357 NAND
1 1 380 264 INV
2 1 381 382 146 NOR
2 1 383 232 253 NAND
2 1 384 181 353 AND
2 1 385 386 22 NAND
2 1 387 177 351 NAND
2 1 278 388 59 NAND
2 1 389 105 192 NAND
2 1 390 301 349 NOR
2 1 50 391 346 NAND
2 1 360 392 142 AND
2 1 393 394 361 NOR
2 1 395 396 307 NAND
2 1 246 397 363 NOR
2 1 398 399 359 NOR
2 1 400 401 84 NOR
2 1 402 403 26 NAND
2 1 404 33 163 NAND
2 1 396 405 348 NAND
2 1 406 407 364 NOR
2 1 408 409 350 NOR
2 1 410 411 366 NOR
2 1 412 107 380 NOR
2 1 413 338 309 NOR
2 1 414 24 377 AND
2 1 415 416 371 NAND
2 1 185 417 381 NAND
2 1 323 418 383 AND
2 1 419 420 369 NOR
2 1 421 276 373 NAND
2 1 422 423 228 NAND
2 1 424 297 50 AND
2 1 183 425 210 NOR
2 1 426 427 295 NAND
2 1 216 428 429 NOR
2 1 75 430 390 NAND
2 1 431 12 384 AND
2 1 432 433 28 NAND
2 1 434 435 385 NAND
2 1 286 436 284 NAND
2 1 266 437 173 AND
2 1 260 438 360 NOR
2 1 340 439 278 AND
2 1 440 154 335 NAND
2 1 251 441 303 NAND
2 1 442 443 400 NOR
2 1 306 444 412 NAND
2 1 257 445 352 NAND
2 1 446 447 109 NOR
2 1 448 262 402 AND
2 1 406 449 395 NOR
2 1 450 451 393 NAND
2 1 452 95 321 NOR
2 1 453 454 398 NAND
2 1 455 456 355 NAND
2 1 39 457 177 NOR
2 1 458 459 246 NAND
2 1 460 461 45 NAND
2 1 194 462 404 NOR
2 1 463 10 358 NOR
2 1 464 465 376 AND
2 1 464 466 408 NAND
2 1 427 467 407 NAND
1 1 468 413 INV
2 1 469 470 410 NOR
2 1 471 472 301 NAND
2 1 280 473 86 NOR
1 1 474 190 INV
2 1 409 475 396 NOR
2 1 476 477 232 NOR
2 1 478 479 419 NOR
2 1 480 481 421 NOR
2 1 482 169 468 NOR
2 1 483 484 148 NAND
2 1 485 486 418 NOR
2 1 487 236 424 AND
2 1 488 489 370 NOR
2 1 490 491 414 NOR
2 1 492 493 415 NAND
2 1 494 495 18 NAND
2 1 221 496 474 NOR
1 1 270 382 INV
2 1 319 497 216 NAND
2 1 498 499 260 NAND
2 1 500 501 323 NOR
2 1 502 503 183 NAND
2 1 504 365 251 AND
2 1 505 506 417 NOR
2 1 507 508 422 NOR
2 1 509 510 431 NOR
2 1 511 512 433 NAND
2 1 513 514 426 NOR
2 1 515 516 379 NOR
2 1 517 518 345 NOR
2 1 519 520 440 NOR
2 1 521 522 434 NAND
2 1 523 524 75 NOR
2 1 525 234 286 AND
2 1 526 527 340 NOR
2 1 317 528 154 NOR
2 1 140 529 266 NOR
2 1 530 531 105 NOR
2 1 532 533 112 NOR
2 1 534 535 457 NAND
2 1 536 537 14 NOR
2 1 538 539 71 NAND
1 1 502 313 INV
2 1 540 541 188 NOR
2 1 542 543 453 NAND
2 1 544 545 449 NAND
1 1 546 469 INV
2 1 399 547 448 NOR
2 1 548 549 461 NOR
2 1 244 550 458 AND
2 1 551 416 455 NAND
2 1 552 553 409 NAND
2 1 554 555 464 NAND
2 1 556 557 95 NAND
2 1 204 558 257 AND
2 1 559 333 427 AND
2 1 560 561 460 NOR
2 1 562 563 450 NOR
2 1 564 93 128 NOR
2 1 565 566 442 NOR
2 1 567 568 446 NOR
2 1 569 570 471 NOR
2 1 571 572 452 NAND
2 1 57 573 444 AND
2 1 574 575 463 NAND
2 1 576 577 476 NAND
2 1 578 579 47 NOR
2 1 196 580 270 NOR
2 1 581 582 39 NAND
2 1 299 583 406 NAND
2 1 230 584 185 AND
2 1 88 585 293 NOR
2 1 586 587 194 NAND
2 1 588 589 206 NOR
2 1 198 590 280 NAND
2 1 591 592 432 NAND
2 1 394 510 546 NOR
2 1 593 594 124 NOR
2 1 595 596 504 NOR
2 1 597 598 498 NOR
2 1 599 600 490 NOR
2 1 601 602 494 NOR
2 1 603 604 200 NAND
2 1 605 606 482 NAND
2 1 607 608 480 NAND
2 1 609 610 487 NOR
2 1 611 612 428 NAND
2 1 613 614 436 NOR
1 1 551 492 INV
2 1 615 616 507 NAND
2 1 617 618 485 NAND
2 1 619 620 526 NAND
2 1 621 622 500 NAND
2 1 623 624 513 NAND
2 1 625 626 530 NAND
2 1 627 628 505 NAND
1 1 586 248 INV
2 1 629 420 511 NAND
2 1 630 67 319 AND
2 1 631 41 221 NAND
2 1 632 73 306 AND
2 1 633 634 519 NOR
2 1 635 566 495 NAND
2 1 636 637 525 NOR
2 1 638 639 509 NAND
2 1 640 641 483 NAND
2 1 642 643 114 NOR
2 1 644 645 523 NOR
2 1 646 69 465 NOR
2 1 647 648 134 NAND
2 1 649 650 651 NOR
2 1 652 653 654 NOR
2 1 20 655 515 NAND
2 1 656 657 521 NAND
2 1 658 659 488 NOR
2 1 660 661 467 NOR
2 1 633 435 517 NOR
2 1 662 645 152 NOR
2 1 663 664 478 NAND
2 1 665 666 347 NAND
2 1 667 668 282 NAND
2 1 669 670 140 NAND
2 1 656 671 107 NAND
2 1 672 673 317 NAND
2 1 167 674 268 AND
2 1 675 676 212 NOR
2 1 97 677 502 NOR
2 1 678 679 336 NOR
2 1 680 681 82 AND
2 1 682 643 542 NAND
2 1 683 684 99 NOR
2 1 685 686 581 NOR
2 1 683 489 536 NOR
2 1 687 688 532 NOR
2 1 689 690 466 NOR
2 1 691 692 425 NAND
2 1 693 645 549 NOR
2 1 694 695 585 NAND
2 1 696 697 538 NAND
2 1 696 456 567 AND
2 1 698 699 569 NOR
2 1 700 701 558 NOR
2 1 702 703 571 NAND
2 1 704 705 439 NOR
2 1 706 707 144 NAND
2 1 43 708 423 NOR
2 1 709 710 578 NOR
1 1 219 403 INV
2 1 711 712 299 NOR
2 1 713 714 230 NOR
2 1 715 716 198 NOR
2 1 717 718 365 NOR
2 1 719 720 399 NAND
2 1 721 722 236 NOR
2 1 723 724 262 NOR
2 1 725 726 196 NAND
2 1 16 727 204 NOR
2 1 728 729 338 NAND
2 1 687 730 551 NAND
2 1 731 732 122 NOR
2 1 733 734 297 NOR
2 1 735 736 575 NAND
2 1 737 738 573 NOR
2 1 739 740 462 NAND
2 1 741 742 356 NAND
2 1 743 744 392 NOR
2 1 745 746 388 NOR
2 1 747 748 562 NOR
2 1 749 748 588 NOR
2 1 750 751 516 NAND
2 1 752 753 587 NOR
2 1 754 755 564 NOR
2 1 756 703 451 NAND
2 1 657 684 130 NOR
2 1 749 755 561 NOR
2 1 757 758 77 NOR
2 1 756 759 577 NAND
2 1 512 760 579 AND
1 1 2 552 INV
2 1 761 762 534 NOR
2 1 763 735 454 NAND
1 1 640 554 INV
2 1 764 765 556 NOR
2 1 766 767 437 NOR
2 1 768 543 116 NAND
2 1 769 759 540 NOR
2 1 770 735 544 NAND
2 1 771 707 586 NAND
2 1 772 773 333 NOR
2 1 774 54 276 NOR
2 1 775 776 290 NAND
2 1 150 777 181 NOR
2 1 778 779 33 NOR
2 1 780 781 234 NOR
2 1 782 783 244 NOR
2 1 784 541 447 NOR
2 1 785 594 138 NOR
2 1 786 372 118 NOR
2 1 786 758 401 NOR
2 1 787 479 576 NAND
2 1 788 789 667 NAND
2 1 790 791 584 NOR
2 1 792 643 548 NOR
2 1 600 698 547 NOR
2 1 793 707 663 NOR
2 1 794 795 595 NAND
1 1 36 582 INV
1 1 683 591 INV
2 1 788 796 607 NAND
2 1 797 798 609 NAND
2 1 784 755 31 NOR
2 1 456 600 593 AND
2 1 799 800 602 NOR
2 1 600 420 598 NOR
2 1 801 802 666 AND
2 1 600 799 675 NOR
2 1 803 710 613 NOR
2 1 600 697 603 NAND
2 1 804 707 617 NAND
2 1 788 804 599 NOR
2 1 456 541 560 NOR
2 1 804 805 620 NAND
2 1 804 806 559 NAND
2 1 807 758 120 NOR
2 1 808 809 608 NAND
2 1 804 479 630 NAND
2 1 804 484 810 NAND
2 1 787 484 638 NAND
2 1 811 420 537 NOR
2 1 808 484 672 NAND
2 1 812 813 169 NAND
2 1 555 804 5 NAND
2 1 136 814 219 NAND
2 1 126 815 91 NAND
2 1 816 541 580 NOR
1 1 378 311 INV
2 1 787 817 632 NAND
2 1 659 808 631 NAND
1 1 741 660 INV
1 1 724 629 INV
2 1 600 818 647 NAND
2 1 787 555 615 NAND
2 1 803 748 652 NOR
2 1 819 730 635 NAND
2 1 600 755 522 NAND
2 1 600 489 646 NOR
2 1 803 641 529 NOR
2 1 470 808 623 NAND
2 1 803 684 597 NOR
2 1 600 568 601 NOR
2 1 600 641 636 NOR
2 1 808 805 612 NAND
2 1 808 707 670 NAND
2 1 820 808 621 NAND
2 1 821 435 658 NAND
1 1 771 644 INV
2 1 808 479 606 NAND
2 1 787 820 674 NAND
2 1 787 822 625 NAND
2 1 823 541 649 NOR
2 1 808 824 662 NOR
2 1 788 659 572 NAND
2 1 788 703 627 NAND
2 1 804 703 553 NAND
2 1 787 592 642 NOR
2 1 600 758 2 NOR
2 1 600 825 394 NOR
2 1 821 710 214 NOR
2 1 788 759 20 NAND
2 1 788 648 640 NOR
2 1 788 592 633 NOR
2 1 600 755 97 NOR
2 1 787 826 656 NAND
2 1 788 809 57 NAND
2 1 827 420 732 NOR
2 1 697 420 501 NOR
2 1 688 828 743 NOR
2 1 555 817 757 NOR
1 1 821 769 INV
2 1 825 435 782 NOR
2 1 688 827 766 NOR
2 1 730 643 768 NAND
2 1 697 748 528 NOR
2 1 688 645 714 NOR
2 1 634 372 610 NOR
2 1 688 643 527 NOR
2 1 688 435 781 NOR
2 1 697 684 764 NOR
2 1 372 435 744 NOR
2 1 372 643 767 NOR
2 1 825 829 661 NOR
2 1 830 831 772 NOR
2 1 555 824 691 NAND
2 1 688 493 773 NOR
2 1 825 643 700 NOR
2 1 555 566 728 NAND
2 1 818 825 716 NOR
1 1 79 726 INV
2 1 806 760 535 NAND
2 1 730 758 761 NOR
2 1 641 832 533 NOR
2 1 806 833 681 NAND
2 1 568 818 650 NOR
2 1 634 688 614 NOR
2 1 568 831 713 NOR
2 1 555 539 605 NAND
2 1 826 566 619 NAND
2 1 555 735 445 NAND
2 1 645 489 746 NOR
2 1 834 835 165 NAND
2 1 826 555 682 NOR
2 1 555 836 669 NAND
2 1 800 827 736 NAND
2 1 826 836 590 NAND
2 1 555 835 611 NAND
2 1 664 489 491 NOR
2 1 730 698 708 NOR
2 1 664 748 752 NOR
2 1 826 592 680 NAND
2 1 828 748 733 NOR
2 1 828 420 596 NOR
2 1 806 543 550 NAND
2 1 664 698 705 NOR
2 1 568 829 65 NOR
2 1 568 493 686 NOR
2 1 594 829 723 NOR
2 1 543 416 693 NOR
2 1 837 796 443 NOR
2 1 594 664 715 NOR
2 1 730 828 770 NAND
2 1 568 435 531 NOR
2 1 659 838 709 NOR
2 1 809 416 441 NAND
2 1 634 830 54 NOR
2 1 817 703 749 NOR
2 1 594 643 150 NOR
2 1 730 710 518 NOR
2 1 828 800 512 NAND
2 1 730 489 16 NOR
2 1 825 755 706 NAND
2 1 839 735 616 NAND
2 1 817 789 699 NOR
2 1 806 416 695 NAND
2 1 479 840 671 NAND
2 1 372 827 701 NOR
1 1 784 763 INV
2 1 817 604 720 NAND
2 1 822 416 776 NAND
2 1 730 372 780 NOR
2 1 697 755 508 NOR
2 1 641 645 520 NOR
2 1 822 760 655 NAND
2 1 697 489 477 NOR
2 1 828 684 374 NOR
2 1 827 755 722 NOR
1 1 459 7 INV
2 1 641 827 678 NOR
2 1 830 800 679 NOR
2 1 830 829 737 NOR
2 1 664 688 727 NOR
2 1 818 372 777 NOR
2 1 555 416 557 NAND
2 1 641 829 685 NOR
2 1 555 760 665 NAND
2 1 826 604 739 NAND
2 1 828 758 731 NOR
2 1 541 800 514 NOR
2 1 541 634 704 NOR
2 1 641 800 711 NOR
2 1 594 818 481 NOR
2 1 541 489 702 NAND
1 1 793 754 INV
2 1 541 755 386 NAND
2 1 641 643 774 NOR
2 1 697 710 486 NOR
2 1 594 645 375 NOR
2 1 594 697 717 NOR
2 1 688 800 778 NOR
2 1 641 828 563 NOR
2 1 568 730 496 NOR
2 1 470 817 747 NOR
2 1 806 835 639 NAND
2 1 566 806 751 NAND
2 1 594 730 689 NOR
2 1 824 806 742 NAND
2 1 818 698 475 NOR
2 1 372 829 753 NOR
2 1 594 828 653 NOR
2 1 568 828 745 NOR
2 1 372 828 724 NOR
2 1 697 698 510 NOR
2 1 555 484 687 NOR
2 1 664 710 36 NOR
2 1 555 703 696 NOR
2 1 664 684 10 NOR
2 1 470 416 741 NAND
2 1 416 789 73 NAND
2 1 820 817 657 NOR
2 1 698 755 771 NAND
2 1 688 829 93 NOR
2 1 541 664 88 NOR
2 1 841 842 378 NOR
2 1 825 684 756 NAND
2 1 555 759 683 NOR
2 1 710 831 273 NOR
2 1 703 835 472 NAND
2 1 820 604 103 NAND
2 1 759 592 622 NAND
2 1 703 759 807 NOR
2 1 659 735 63 NAND
2 1 836 484 801 NAND
2 1 566 484 545 NAND
2 1 543 805 797 NAND
2 1 470 604 794 NAND
2 1 435 489 738 NOR
2 1 822 824 814 NAND
2 1 805 539 405 NAND
2 1 470 539 750 NAND
2 1 479 592 628 NAND
2 1 470 836 725 NAND
2 1 659 648 583 NAND
2 1 759 543 626 NAND
2 1 707 835 574 NAND
2 1 648 759 430 NAND
2 1 566 759 775 NAND
2 1 435 758 765 NOR
2 1 659 789 823 NOR
2 1 818 710 790 NOR
2 1 710 643 589 NOR
2 1 648 703 497 NAND
2 1 648 789 101 NAND
2 1 818 758 69 NOR
2 1 822 592 459 NAND
2 1 735 805 12 NAND
2 1 829 489 79 NOR
2 1 820 836 136 NAND
2 1 592 648 799 NOR
2 1 759 539 67 NAND
2 1 809 759 786 NOR
2 1 659 566 24 NAND
1 1 555 803 INV
1 1 568 788 INV
1 1 641 808 INV
1 1 826 600 INV
2 1 648 809 391 NAND
2 1 493 758 677 NOR
2 1 824 479 719 NAND
1 1 837 811 INV
2 1 818 489 397 NOR
2 1 479 703 819 NOR
2 1 809 539 813 NAND
2 1 809 735 802 NAND
2 1 824 703 740 NAND
2 1 566 809 668 NAND
2 1 824 805 694 NAND
2 1 809 835 499 NAND
2 1 648 822 815 NAND
2 1 470 809 785 NOR
2 1 824 836 792 NOR
2 1 800 684 506 NOR
2 1 470 648 618 NAND
2 1 493 489 718 NOR
2 1 648 805 812 NAND
2 1 489 831 791 NOR
2 1 493 755 734 NOR
2 1 435 755 637 NOR
2 1 829 758 783 NOR
2 1 789 604 673 NAND
2 1 800 710 570 NOR
2 1 566 805 795 NAND
2 1 829 710 676 NOR
2 1 820 648 692 NAND
2 1 470 759 816 NOR
2 1 659 836 167 NAND
2 1 489 643 712 NOR
2 1 634 489 43 NOR
2 1 829 420 779 NOR
2 1 818 800 793 NAND
2 1 648 479 126 NAND
2 1 824 484 41 NAND
2 1 703 805 821 NOR
2 1 659 484 784 NOR
2 1 707 805 456 NOR
1 1 541 787 INV
1 1 594 804 INV
2 1 835 484 503 NAND
2 1 789 539 729 NAND
2 1 634 748 690 NOR
2 1 818 493 838 NAND
2 1 835 789 624 NAND
2 1 748 831 473 NOR
2 1 493 684 438 NOR
2 1 634 643 834 NAND
1 1 648 830 INV
1 1 735 825 INV
2 1 843 844 826 NOR
1 1 824 698 INV
1 1 755 416 INV
2 1 833 845 568 NAND
1 1 659 697 INV
1 1 470 730 INV
1 1 836 688 INV
1 1 822 828 INV
2 1 833 846 541 NAND
2 1 818 748 841 NOR
2 1 634 420 842 NOR
2 1 818 420 762 NOR
2 1 684 831 524 NOR
2 1 684 420 840 NAND
2 1 634 684 367 NOR
2 1 748 435 721 NOR
2 1 634 831 839 NAND
2 1 643 831 837 NAND
1 1 489 760 INV
1 1 703 827 INV
1 1 759 645 INV
1 1 829 817 INV
1 1 800 806 INV
1 1 809 664 INV
1 1 566 372 INV
2 1 847 846 641 NAND
2 1 847 845 594 NAND
2 1 848 844 555 NOR
1 1 684 604 INV
1 1 818 820 INV
1 1 634 707 INV
2 1 832 849 822 NOR
2 1 411 846 824 NOR
1 1 835 758 INV
2 1 850 851 566 NOR
2 1 832 844 809 NOR
2 1 796 852 800 NAND
1 1 592 710 INV
2 1 853 854 759 NOR
2 1 855 845 489 NAND
2 1 539 484 798 NAND
1 1 748 543 INV
2 1 850 856 836 NOR
1 1 435 479 INV
2 1 411 845 735 NOR
1 1 493 805 INV
2 1 857 858 659 NOR
2 1 857 853 470 NOR
2 1 796 859 829 NAND
2 1 860 854 703 NOR
2 1 846 855 755 NAND
2 1 850 861 648 NOR
2 1 862 852 848 NAND
1 1 484 831 INV
2 1 856 863 835 NOR
2 1 851 863 592 NOR
1 1 539 420 INV
2 1 864 865 634 NAND
2 1 862 866 435 NAND
2 1 867 852 843 NAND
2 1 856 868 847 NOR
2 1 851 868 833 NOR
1 1 643 789 INV
2 1 867 866 493 NAND
2 1 869 870 748 NAND
2 1 870 871 684 NAND
2 1 864 862 818 NAND
1 1 862 860 INV
1 1 867 853 INV
1 1 864 857 INV
2 1 863 861 539 NOR
2 1 866 865 643 NAND
2 1 861 868 855 NOR
2 1 865 852 832 NAND
2 1 872 870 411 NAND
1 1 869 850 INV
2 1 858 844 796 NOR
2 1 854 858 484 NOR
2 1 873 874 856 NAND
2 1 875 876 867 NOR
2 1 877 878 862 NOR
1 1 863 871 INV
2 1 872 845 869 NOR
2 1 849 852 864 NOR
2 1 879 880 851 NAND
2 1 852 844 854 NAND
2 1 876 878 858 NAND
2 1 876 878 865 NOR
2 1 852 844 866 NOR
2 1 880 874 861 NAND
2 1 880 874 870 NOR
2 1 845 868 863 NAND
1 1 852 859 INV
1 1 878 875 INV
1 1 868 872 INV
1 1 845 846 INV
1 1 880 873 INV
1 1 876 877 INV
1 1 874 879 INV
1 1 844 849 INV
1 1 881 565 INV
2 1 779 712 881 NOR
2 1 882 429 171 NAND
2 1 282 335 882 NOR
2 1 883 217 174 AND
2 1 192 272 883 NOR
2 1 884 315 267 NOR
2 1 309 122 884 NAND
2 1 885 810 320 AND
2 1 373 284 885 NOR
2 1 886 651 387 AND
2 1 518 290 886 NOR
2 1 887 654 389 AND
2 1 91 214 887 NOR
