971 1067
32 32 32
1 1 1 2 INV
1 1 3 4 INV
1 1 5 6 INV
1 1 7 8 INV
1 1 9 10 INV
1 1 11 12 INV
1 1 13 14 INV
1 1 15 16 INV
1 1 17 18 INV
1 1 19 20 INV
1 1 21 22 INV
1 1 23 24 INV
1 1 25 26 INV
1 1 27 28 INV
1 1 29 30 INV
1 1 31 32 INV
2 1 33 34 1 AND
2 1 35 36 3 AND
2 1 37 38 5 AND
2 1 39 40 7 AND
2 1 41 42 9 AND
2 1 43 44 11 AND
2 1 45 46 13 AND
2 1 47 48 15 AND
2 1 49 50 17 AND
2 1 51 52 19 AND
2 1 53 54 21 AND
2 1 55 56 23 AND
2 1 57 58 25 AND
2 1 59 60 27 AND
2 1 61 62 29 AND
2 1 63 64 31 AND
1 1 65 66 INV
1 1 67 68 INV
1 1 69 70 INV
1 1 71 72 INV
1 1 73 74 INV
1 1 75 76 INV
1 1 77 78 INV
1 1 79 80 INV
1 1 81 82 INV
1 1 83 84 INV
1 1 85 86 INV
1 1 87 88 INV
1 1 89 90 INV
1 1 91 92 INV
1 1 93 94 INV
1 1 95 96 INV
2 1 97 98 65 AND
2 1 99 100 67 AND
2 1 101 102 69 AND
2 1 103 104 71 AND
2 1 105 106 73 AND
2 1 107 108 75 AND
2 1 109 110 77 AND
2 1 111 112 79 AND
2 1 113 114 81 AND
2 1 115 116 83 AND
2 1 117 118 85 AND
2 1 119 120 87 AND
2 1 121 122 89 AND
2 1 123 124 91 AND
2 1 125 126 93 AND
2 1 127 128 95 AND
1 1 129 61 INV
1 1 130 63 INV
1 1 131 123 INV
1 1 132 41 INV
1 1 133 37 INV
1 1 134 43 INV
1 1 135 39 INV
1 1 136 45 INV
1 1 137 49 INV
1 1 138 51 INV
1 1 139 55 INV
1 1 140 53 INV
1 1 141 57 INV
1 1 142 47 INV
1 1 143 33 INV
1 1 144 35 INV
1 1 145 97 INV
1 1 146 127 INV
1 1 147 103 INV
1 1 148 101 INV
1 1 149 59 INV
1 1 150 107 INV
1 1 151 99 INV
1 1 152 109 INV
1 1 153 113 INV
1 1 154 115 INV
1 1 155 105 INV
1 1 156 119 INV
1 1 157 121 INV
1 1 158 117 INV
1 1 159 125 INV
1 1 160 111 INV
2 1 161 162 129 AND
2 1 161 163 130 AND
2 1 161 164 131 AND
2 1 161 165 132 AND
2 1 161 166 133 AND
2 1 161 167 134 AND
2 1 161 168 135 AND
2 1 161 169 136 AND
2 1 161 170 137 AND
2 1 161 171 138 AND
2 1 161 172 139 AND
2 1 161 173 140 AND
2 1 161 174 141 AND
2 1 161 175 142 AND
2 1 161 176 143 AND
2 1 161 177 144 AND
2 1 161 178 145 AND
2 1 161 179 146 AND
2 1 161 180 147 AND
2 1 161 181 148 AND
2 1 161 182 149 AND
2 1 161 183 150 AND
2 1 161 184 151 AND
2 1 161 185 152 AND
2 1 161 186 153 AND
2 1 161 187 154 AND
2 1 161 188 155 AND
2 1 161 189 156 AND
2 1 161 190 157 AND
2 1 161 191 158 AND
2 1 161 192 159 AND
2 1 161 193 160 AND
1 1 194 62 INV
1 1 195 98 INV
1 1 196 104 INV
1 1 197 42 INV
1 1 198 38 INV
1 1 199 64 INV
1 1 200 40 INV
1 1 201 44 INV
1 1 202 36 INV
1 1 203 50 INV
1 1 204 52 INV
1 1 205 48 INV
1 1 206 56 INV
1 1 207 54 INV
1 1 208 58 INV
1 1 209 34 INV
1 1 210 124 INV
1 1 211 128 INV
1 1 212 102 INV
1 1 213 60 INV
1 1 214 46 INV
1 1 215 100 INV
1 1 216 108 INV
1 1 217 110 INV
1 1 218 114 INV
1 1 219 116 INV
1 1 220 106 INV
1 1 221 112 INV
1 1 222 120 INV
1 1 223 118 INV
1 1 224 122 INV
1 1 225 126 INV
2 1 226 227 194 AND
2 1 226 228 195 AND
2 1 226 229 196 AND
2 1 226 230 197 AND
2 1 226 231 198 AND
2 1 226 232 199 AND
2 1 226 233 200 AND
2 1 226 234 201 AND
2 1 226 235 202 AND
2 1 226 236 203 AND
2 1 226 237 204 AND
2 1 226 238 205 AND
2 1 226 239 206 AND
2 1 226 240 207 AND
2 1 226 241 208 AND
2 1 226 242 209 AND
2 1 226 243 210 AND
2 1 226 244 211 AND
2 1 226 245 212 AND
2 1 226 246 213 AND
2 1 226 247 214 AND
2 1 226 248 215 AND
2 1 226 249 216 AND
2 1 226 250 217 AND
2 1 226 251 218 AND
2 1 226 252 219 AND
2 1 226 253 220 AND
2 1 226 254 221 AND
2 1 226 255 222 AND
2 1 226 256 223 AND
2 1 226 257 224 AND
2 1 226 258 225 AND
1 1 226 161 INV
1 1 259 260 INV
1 1 261 262 INV
1 1 263 264 INV
1 1 265 266 INV
1 1 267 268 INV
1 1 269 270 INV
1 1 271 272 INV
1 1 273 274 INV
1 1 275 276 INV
1 1 277 278 INV
1 1 279 280 INV
1 1 281 282 INV
1 1 283 284 INV
1 1 285 286 INV
1 1 287 288 INV
1 1 289 290 INV
2 1 291 292 259 AND
2 1 293 294 261 AND
2 1 295 296 263 AND
2 1 297 298 265 AND
2 1 299 300 267 AND
2 1 301 302 269 AND
2 1 303 304 271 AND
2 1 305 306 273 AND
2 1 307 308 275 AND
2 1 309 310 277 AND
2 1 311 312 279 AND
2 1 313 314 281 AND
2 1 315 316 283 AND
2 1 317 318 285 AND
2 1 319 320 287 AND
2 1 321 322 289 AND
1 1 323 324 INV
1 1 325 326 INV
1 1 327 328 INV
1 1 329 330 INV
1 1 331 332 INV
1 1 333 334 INV
1 1 335 336 INV
1 1 337 338 INV
1 1 339 340 INV
1 1 341 342 INV
1 1 343 344 INV
1 1 345 346 INV
1 1 347 348 INV
1 1 349 350 INV
1 1 351 352 INV
1 1 353 354 INV
2 1 355 356 323 AND
2 1 357 358 325 AND
2 1 359 360 327 AND
2 1 361 362 329 AND
2 1 363 364 331 AND
2 1 365 366 333 AND
2 1 367 368 335 AND
2 1 369 370 337 AND
2 1 371 372 339 AND
2 1 373 374 341 AND
2 1 375 376 343 AND
2 1 377 378 345 AND
2 1 379 380 347 AND
2 1 381 382 349 AND
2 1 383 384 351 AND
2 1 385 386 353 AND
1 1 387 293 INV
1 1 388 321 INV
1 1 389 381 INV
1 1 390 299 INV
1 1 391 295 INV
1 1 392 301 INV
1 1 393 297 INV
1 1 394 303 INV
1 1 395 307 INV
1 1 396 309 INV
1 1 397 313 INV
1 1 398 311 INV
1 1 399 315 INV
1 1 400 305 INV
1 1 401 291 INV
1 1 402 355 INV
1 1 403 319 INV
1 1 404 385 INV
1 1 405 361 INV
1 1 406 359 INV
1 1 407 317 INV
1 1 408 365 INV
1 1 409 357 INV
1 1 410 367 INV
1 1 411 371 INV
1 1 412 373 INV
1 1 413 363 INV
1 1 414 377 INV
1 1 415 379 INV
1 1 416 375 INV
1 1 417 383 INV
2 1 418 4 387 AND
2 1 418 32 388 AND
2 1 418 92 389 AND
2 1 418 10 390 AND
2 1 418 6 391 AND
2 1 418 12 392 AND
2 1 418 8 393 AND
2 1 418 14 394 AND
2 1 418 18 395 AND
2 1 418 20 396 AND
2 1 418 24 397 AND
2 1 418 22 398 AND
2 1 418 26 399 AND
2 1 418 226 419 AND
2 1 418 16 400 AND
2 1 418 2 401 AND
2 1 418 66 402 AND
2 1 418 30 403 AND
2 1 418 96 404 AND
2 1 418 72 405 AND
2 1 418 70 406 AND
2 1 418 28 407 AND
2 1 418 76 408 AND
2 1 418 68 409 AND
2 1 418 78 410 AND
2 1 418 82 411 AND
2 1 418 84 412 AND
2 1 418 74 413 AND
2 1 418 88 414 AND
2 1 418 90 415 AND
2 1 418 86 416 AND
2 1 418 94 417 AND
1 1 420 292 INV
1 1 421 356 INV
1 1 422 362 INV
1 1 423 308 INV
1 1 424 300 INV
1 1 425 296 INV
1 1 426 298 INV
1 1 427 302 INV
1 1 428 382 INV
1 1 429 294 INV
1 1 430 322 INV
1 1 431 310 INV
1 1 432 306 INV
1 1 433 314 INV
1 1 434 312 INV
1 1 435 316 INV
1 1 436 369 INV
1 1 437 320 INV
1 1 438 386 INV
1 1 439 360 INV
1 1 440 318 INV
1 1 441 358 INV
1 1 442 366 INV
1 1 443 368 INV
1 1 444 304 INV
1 1 445 372 INV
1 1 446 374 INV
1 1 447 364 INV
1 1 448 370 INV
1 1 449 378 INV
1 1 450 376 INV
1 1 451 380 INV
1 1 452 384 INV
2 1 453 454 420 AND
2 1 453 455 421 AND
2 1 453 456 422 AND
2 1 453 457 423 AND
2 1 453 458 424 AND
2 1 453 459 425 AND
2 1 453 460 426 AND
2 1 453 461 427 AND
2 1 453 462 428 AND
2 1 453 463 429 AND
2 1 453 464 430 AND
2 1 453 465 431 AND
2 1 453 466 432 AND
2 1 453 467 433 AND
2 1 453 468 434 AND
2 1 453 469 435 AND
2 1 418 80 436 AND
2 1 453 470 437 AND
2 1 453 471 438 AND
2 1 453 472 439 AND
2 1 453 473 440 AND
2 1 453 474 441 AND
2 1 453 475 442 AND
2 1 453 476 443 AND
2 1 453 477 444 AND
2 1 453 478 445 AND
2 1 453 479 446 AND
2 1 453 480 447 AND
2 1 453 481 448 AND
2 1 453 482 449 AND
2 1 453 483 450 AND
2 1 453 484 451 AND
2 1 453 485 452 AND
1 1 453 418 INV
1 1 486 453 INV
2 1 487 488 486 AND
1 1 489 487 INV
2 1 490 491 489 AND
1 1 492 490 INV
2 1 493 494 492 AND
1 1 495 493 INV
3 1 496 497 498 495 AND
1 1 499 496 INV
2 1 500 74 499 AND
1 1 501 497 INV
2 1 502 503 501 AND
1 1 504 500 INV
2 1 505 480 504 AND
1 1 505 502 INV
2 1 506 507 505 AND
1 1 508 506 INV
2 1 509 510 508 AND
1 1 511 507 INV
2 1 512 4 511 AND
1 1 513 509 INV
2 1 514 515 513 AND
1 1 514 512 INV
2 1 516 517 514 AND
1 1 518 516 INV
2 1 519 28 518 AND
1 1 520 517 INV
2 1 521 522 520 AND
1 1 523 519 INV
2 1 524 473 523 AND
1 1 524 521 INV
2 1 525 526 524 AND
1 1 527 525 INV
2 1 528 80 527 AND
1 1 529 526 INV
2 1 530 531 529 AND
1 1 532 528 INV
2 1 533 481 532 AND
1 1 533 530 INV
2 1 534 535 533 AND
1 1 536 534 INV
2 1 537 538 536 AND
1 1 539 537 INV
2 1 540 541 539 AND
1 1 542 540 INV
2 1 543 544 542 AND
1 1 545 543 INV
2 1 546 547 545 AND
1 1 548 546 INV
2 1 549 30 548 AND
1 1 550 547 INV
2 1 551 552 550 AND
1 1 553 549 INV
2 1 554 470 553 AND
1 1 554 551 INV
2 1 555 556 554 AND
1 1 557 555 INV
2 1 558 68 557 AND
1 1 559 556 INV
2 1 560 561 559 AND
1 1 562 558 INV
2 1 563 474 562 AND
1 1 563 560 INV
2 1 564 565 563 AND
1 1 566 564 INV
2 1 567 82 566 AND
1 1 568 565 INV
2 1 569 570 568 AND
1 1 571 567 INV
2 1 572 478 571 AND
1 1 572 569 INV
2 1 573 574 572 AND
1 1 575 573 INV
2 1 576 577 575 AND
1 1 578 576 INV
2 1 579 580 578 AND
1 1 581 574 INV
2 1 582 86 581 AND
1 1 579 582 INV
2 1 583 584 579 AND
1 1 585 583 INV
2 1 586 92 585 AND
1 1 587 584 INV
2 1 588 589 587 AND
1 1 590 586 INV
2 1 591 462 590 AND
1 1 591 588 INV
2 1 592 593 591 AND
1 1 594 592 INV
2 1 595 596 594 AND
1 1 597 595 INV
2 1 598 599 597 AND
1 1 600 598 INV
2 1 601 18 600 AND
1 1 602 599 INV
2 1 603 604 602 AND
1 1 605 601 INV
2 1 606 457 605 AND
1 1 606 603 INV
2 1 607 608 606 AND
1 1 609 607 INV
2 1 610 22 609 AND
1 1 611 608 INV
2 1 612 613 611 AND
1 1 614 610 INV
2 1 615 468 614 AND
1 1 615 612 INV
2 1 616 617 615 AND
1 1 618 616 INV
2 1 619 2 618 AND
1 1 620 617 INV
2 1 621 622 620 AND
1 1 623 619 INV
2 1 624 454 623 AND
1 1 624 621 INV
2 1 625 626 624 AND
1 1 627 625 INV
2 1 628 629 627 AND
1 1 630 626 INV
2 1 631 96 630 AND
1 1 632 628 INV
2 1 633 634 632 AND
1 1 633 631 INV
2 1 635 636 633 AND
1 1 637 635 INV
2 1 638 70 637 AND
1 1 639 636 INV
2 1 640 641 639 AND
1 1 642 638 INV
2 1 643 472 642 AND
1 1 643 640 INV
2 1 644 645 643 AND
1 1 646 644 INV
2 1 647 648 646 AND
1 1 649 647 INV
2 1 650 651 649 AND
1 1 652 650 INV
2 1 653 78 652 AND
1 1 654 651 INV
2 1 655 656 654 AND
1 1 657 653 INV
2 1 658 476 657 AND
1 1 658 655 INV
2 1 659 660 658 AND
1 1 661 659 INV
2 1 662 663 661 AND
1 1 664 660 INV
2 1 665 84 664 AND
1 1 666 662 INV
2 1 667 668 666 AND
1 1 667 665 INV
2 1 669 670 667 AND
1 1 671 669 INV
2 1 672 88 671 AND
1 1 673 670 INV
2 1 674 675 673 AND
1 1 676 672 INV
2 1 677 482 676 AND
1 1 677 674 INV
2 1 678 679 677 AND
1 1 680 678 INV
2 1 681 90 680 AND
1 1 682 679 INV
2 1 683 684 682 AND
1 1 685 681 INV
2 1 686 484 685 AND
1 1 686 683 INV
2 1 687 688 686 AND
1 1 689 687 INV
2 1 690 94 689 AND
1 1 691 688 INV
2 1 692 693 691 AND
1 1 694 690 INV
2 1 695 485 694 AND
1 1 695 692 INV
2 1 696 697 695 AND
1 1 698 696 INV
2 1 699 700 698 AND
1 1 701 699 INV
2 1 702 703 701 AND
1 1 704 702 INV
2 1 705 10 704 AND
1 1 706 703 INV
2 1 707 708 706 AND
1 1 709 705 INV
2 1 710 458 709 AND
1 1 710 707 INV
2 1 711 712 710 AND
1 1 713 711 INV
2 1 714 715 713 AND
1 1 716 714 INV
2 1 717 718 716 AND
1 1 719 717 INV
2 1 720 14 719 AND
1 1 721 718 INV
2 1 722 723 721 AND
1 1 724 720 INV
2 1 725 477 724 AND
1 1 725 722 INV
2 1 726 727 725 AND
1 1 728 726 INV
2 1 729 20 728 AND
1 1 730 727 INV
2 1 731 732 730 AND
1 1 733 729 INV
2 1 734 465 733 AND
1 1 734 731 INV
2 1 735 736 734 AND
1 1 737 735 INV
2 1 738 24 737 AND
1 1 739 736 INV
2 1 740 741 739 AND
1 1 742 738 INV
2 1 743 467 742 AND
1 1 744 648 INV
1 1 745 593 INV
1 1 746 538 INV
1 1 747 544 INV
1 1 748 541 INV
1 1 749 645 INV
1 1 750 488 INV
1 1 751 697 INV
2 1 752 475 744 AND
2 1 8 753 745 AND
2 1 754 459 746 AND
2 1 755 466 747 AND
2 1 16 756 748 AND
2 1 76 757 749 AND
2 1 758 464 750 AND
2 1 66 759 751 AND
1 1 760 596 INV
1 1 761 535 INV
1 1 762 712 INV
1 1 763 498 INV
1 1 764 715 INV
1 1 765 491 INV
1 1 766 700 INV
1 1 767 494 INV
1 1 743 740 INV
2 1 768 460 760 AND
2 1 6 769 761 AND
2 1 12 770 762 AND
2 1 72 771 763 AND
2 1 772 461 764 AND
2 1 32 773 765 AND
2 1 774 455 766 AND
2 1 775 456 767 AND
2 1 776 469 743 AND
1 1 471 629 INV
1 1 483 577 INV
1 1 472 641 INV
1 1 84 668 INV
1 1 66 774 INV
1 1 12 772 INV
1 1 4 515 INV
1 1 477 723 INV
1 1 86 580 INV
1 1 460 753 INV
1 1 470 552 INV
1 1 459 769 INV
1 1 474 561 INV
1 1 455 759 INV
1 1 72 775 INV
1 1 465 732 INV
1 1 485 693 INV
1 1 480 503 INV
1 1 76 752 INV
1 1 457 604 INV
1 1 6 754 INV
1 1 32 758 INV
1 1 467 741 INV
1 1 461 770 INV
1 1 479 663 INV
1 1 463 510 INV
1 1 26 776 INV
1 1 464 773 INV
1 1 481 531 INV
1 1 8 768 INV
1 1 16 755 INV
1 1 468 613 INV
1 1 473 522 INV
1 1 458 708 INV
1 1 466 756 INV
1 1 454 622 INV
1 1 478 570 INV
1 1 456 771 INV
1 1 484 684 INV
1 1 476 656 INV
1 1 475 757 INV
1 1 482 675 INV
1 1 96 634 INV
1 1 462 589 INV
1 1 777 226 INV
2 1 778 779 777 AND
1 1 780 778 INV
2 1 781 782 780 AND
1 1 783 781 INV
2 1 784 785 783 AND
1 1 786 784 INV
3 1 787 788 789 786 AND
1 1 790 787 INV
2 1 791 188 790 AND
1 1 792 788 INV
2 1 793 794 792 AND
1 1 795 791 INV
2 1 796 253 795 AND
1 1 796 793 INV
2 1 797 798 796 AND
1 1 799 797 INV
2 1 800 801 799 AND
1 1 802 798 INV
2 1 803 177 802 AND
1 1 804 800 INV
2 1 805 806 804 AND
1 1 805 803 INV
2 1 807 808 805 AND
1 1 809 807 INV
2 1 810 182 809 AND
1 1 811 808 INV
2 1 812 813 811 AND
1 1 814 810 INV
2 1 815 246 814 AND
1 1 815 812 INV
2 1 816 817 815 AND
1 1 818 816 INV
2 1 819 193 818 AND
1 1 820 817 INV
2 1 821 822 820 AND
1 1 823 819 INV
2 1 824 254 823 AND
1 1 824 821 INV
2 1 825 826 824 AND
1 1 827 825 INV
2 1 828 829 827 AND
1 1 830 828 INV
2 1 831 832 830 AND
1 1 833 831 INV
2 1 834 835 833 AND
1 1 836 834 INV
2 1 837 838 836 AND
1 1 839 837 INV
2 1 840 162 839 AND
1 1 841 838 INV
2 1 842 843 841 AND
1 1 844 840 INV
2 1 845 227 844 AND
1 1 845 842 INV
2 1 846 847 845 AND
1 1 848 846 INV
2 1 849 184 848 AND
1 1 850 847 INV
2 1 851 852 850 AND
1 1 853 849 INV
2 1 854 248 853 AND
1 1 854 851 INV
2 1 855 856 854 AND
1 1 857 855 INV
2 1 858 186 857 AND
1 1 859 856 INV
2 1 860 861 859 AND
1 1 862 858 INV
2 1 863 251 862 AND
1 1 863 860 INV
2 1 864 865 863 AND
1 1 866 864 INV
2 1 867 868 866 AND
1 1 869 867 INV
2 1 870 871 869 AND
1 1 872 865 INV
2 1 873 191 872 AND
1 1 870 873 INV
2 1 874 875 870 AND
1 1 876 874 INV
2 1 877 164 876 AND
1 1 878 875 INV
2 1 879 880 878 AND
1 1 881 877 INV
2 1 882 243 881 AND
1 1 882 879 INV
2 1 883 884 882 AND
1 1 885 883 INV
2 1 886 887 885 AND
1 1 888 886 INV
2 1 889 890 888 AND
1 1 891 889 INV
2 1 892 170 891 AND
1 1 893 890 INV
2 1 894 895 893 AND
1 1 896 892 INV
2 1 897 236 896 AND
1 1 897 894 INV
2 1 898 899 897 AND
1 1 900 898 INV
2 1 901 173 900 AND
1 1 902 899 INV
2 1 903 904 902 AND
1 1 905 901 INV
2 1 906 240 905 AND
1 1 906 903 INV
2 1 907 908 906 AND
1 1 909 907 INV
2 1 910 176 909 AND
1 1 911 908 INV
2 1 912 913 911 AND
1 1 914 910 INV
2 1 915 242 914 AND
1 1 915 912 INV
2 1 916 917 915 AND
1 1 918 916 INV
2 1 919 920 918 AND
1 1 921 917 INV
2 1 922 179 921 AND
1 1 923 919 INV
2 1 924 925 923 AND
1 1 924 922 INV
2 1 926 927 924 AND
1 1 928 926 INV
2 1 929 181 928 AND
1 1 930 927 INV
2 1 931 932 930 AND
1 1 933 929 INV
2 1 934 245 933 AND
1 1 934 931 INV
2 1 935 936 934 AND
1 1 937 935 INV
2 1 938 939 937 AND
1 1 940 938 INV
2 1 941 942 940 AND
1 1 943 941 INV
2 1 944 185 943 AND
1 1 945 942 INV
2 1 946 947 945 AND
1 1 948 944 INV
2 1 949 250 948 AND
1 1 949 946 INV
2 1 950 951 949 AND
1 1 952 950 INV
2 1 953 954 952 AND
1 1 955 951 INV
2 1 956 187 955 AND
1 1 957 953 INV
2 1 958 959 957 AND
1 1 958 956 INV
2 1 960 961 958 AND
1 1 962 960 INV
2 1 963 189 962 AND
1 1 964 961 INV
2 1 965 966 964 AND
1 1 967 963 INV
2 1 968 255 967 AND
1 1 968 965 INV
2 1 969 970 968 AND
1 1 971 969 INV
2 1 972 190 971 AND
1 1 973 970 INV
2 1 974 975 973 AND
1 1 976 972 INV
2 1 977 257 976 AND
1 1 977 974 INV
2 1 978 979 977 AND
1 1 980 978 INV
2 1 981 192 980 AND
1 1 982 979 INV
2 1 983 984 982 AND
1 1 985 981 INV
2 1 986 258 985 AND
1 1 986 983 INV
2 1 987 988 986 AND
1 1 989 987 INV
2 1 990 991 989 AND
1 1 992 990 INV
2 1 993 994 992 AND
1 1 995 993 INV
2 1 996 165 995 AND
1 1 997 994 INV
2 1 998 999 997 AND
1 1 1000 996 INV
2 1 1001 230 1000 AND
1 1 1001 998 INV
2 1 1002 1003 1001 AND
1 1 1004 1002 INV
2 1 1005 1006 1004 AND
1 1 1007 1005 INV
2 1 1008 1009 1007 AND
1 1 1010 1008 INV
2 1 1011 169 1010 AND
1 1 1012 1009 INV
2 1 1013 1014 1012 AND
1 1 1015 1011 INV
2 1 1016 247 1015 AND
1 1 1016 1013 INV
2 1 1017 1018 1016 AND
1 1 1019 1017 INV
2 1 1020 171 1019 AND
1 1 1021 1018 INV
2 1 1022 1023 1021 AND
1 1 1024 1020 INV
2 1 1025 237 1024 AND
1 1 1025 1022 INV
2 1 1026 1027 1025 AND
1 1 1028 1026 INV
2 1 1029 172 1028 AND
1 1 1030 1027 INV
2 1 1031 1032 1030 AND
1 1 1033 1029 INV
2 1 1034 239 1033 AND
1 1 1035 939 INV
1 1 1036 884 INV
1 1 1037 829 INV
1 1 1038 835 INV
1 1 1039 832 INV
1 1 1040 936 INV
1 1 1041 779 INV
1 1 1042 988 INV
2 1 1043 249 1035 AND
2 1 1044 168 1036 AND
2 1 1045 231 1037 AND
2 1 1046 238 1038 AND
2 1 1047 175 1039 AND
2 1 1048 183 1040 AND
2 1 1049 232 1041 AND
2 1 1050 178 1042 AND
1 1 1051 887 INV
1 1 1052 826 INV
1 1 1053 1003 INV
1 1 1054 789 INV
1 1 1055 1006 INV
1 1 1056 782 INV
1 1 1057 991 INV
1 1 1058 785 INV
1 1 1034 1031 INV
2 1 1059 233 1051 AND
2 1 1060 166 1052 AND
2 1 1061 167 1053 AND
2 1 1062 180 1054 AND
2 1 1063 234 1055 AND
2 1 1064 163 1056 AND
2 1 1065 228 1057 AND
2 1 1066 229 1058 AND
2 1 1067 241 1034 AND
1 1 244 920 INV
1 1 256 868 INV
1 1 245 932 INV
1 1 187 959 INV
1 1 178 1065 INV
1 1 167 1063 INV
1 1 177 806 INV
1 1 247 1014 INV
1 1 191 871 INV
1 1 233 1044 INV
1 1 227 843 INV
1 1 231 1060 INV
1 1 248 852 INV
1 1 228 1050 INV
1 1 180 1066 INV
1 1 237 1023 INV
1 1 258 984 INV
1 1 253 794 INV
1 1 183 1043 INV
1 1 236 895 INV
1 1 166 1045 INV
1 1 163 1049 INV
1 1 239 1032 INV
1 1 234 1061 INV
1 1 252 954 INV
1 1 235 801 INV
1 1 174 1067 INV
1 1 232 1064 INV
1 1 254 822 INV
1 1 168 1059 INV
1 1 175 1046 INV
1 1 240 904 INV
1 1 246 813 INV
1 1 230 999 INV
1 1 238 1047 INV
1 1 242 913 INV
1 1 251 861 INV
1 1 229 1062 INV
1 1 257 975 INV
1 1 250 947 INV
1 1 249 1048 INV
1 1 255 966 INV
1 1 179 925 INV
1 1 243 880 INV
