481 577
32 32 32
2 1 1 2 3 NAND
2 1 4 5 6 NAND
2 1 7 8 9 NAND
2 1 10 11 12 NAND
2 1 13 14 15 NAND
2 1 16 17 18 NAND
2 1 19 20 21 NAND
2 1 22 23 24 NAND
2 1 25 26 27 NAND
2 1 28 29 30 NAND
2 1 31 32 33 NAND
2 1 34 35 36 NAND
2 1 37 38 39 NAND
2 1 40 41 42 NAND
2 1 43 44 45 NAND
2 1 46 47 48 NAND
2 1 49 50 51 NAND
2 1 52 53 54 NAND
2 1 55 56 57 NAND
2 1 58 59 60 NAND
2 1 61 62 63 NAND
2 1 64 65 66 NAND
2 1 67 68 69 NAND
2 1 70 71 72 NAND
2 1 73 74 75 NAND
2 1 76 77 78 NAND
2 1 79 80 81 NAND
2 1 82 83 84 NAND
2 1 85 86 87 NAND
2 1 88 89 90 NAND
2 1 91 92 93 NAND
2 1 94 95 96 NAND
2 1 97 98 43 NAND
2 1 97 99 46 NAND
2 1 97 100 88 NAND
2 1 97 101 13 NAND
2 1 97 102 7 NAND
2 1 97 103 16 NAND
2 1 97 104 10 NAND
2 1 97 105 19 NAND
2 1 97 106 25 NAND
2 1 97 107 28 NAND
2 1 97 108 34 NAND
2 1 97 109 31 NAND
2 1 97 110 37 NAND
2 1 97 111 22 NAND
2 1 97 112 1 NAND
2 1 97 113 4 NAND
2 1 97 114 49 NAND
2 1 97 115 94 NAND
2 1 97 116 58 NAND
2 1 97 117 55 NAND
2 1 97 118 40 NAND
2 1 97 119 64 NAND
2 1 97 120 52 NAND
2 1 97 121 67 NAND
2 1 97 122 73 NAND
2 1 97 123 76 NAND
2 1 97 124 61 NAND
2 1 97 125 82 NAND
2 1 97 126 85 NAND
2 1 97 127 79 NAND
2 1 97 128 91 NAND
2 1 97 129 70 NAND
2 1 130 131 44 NAND
2 1 130 132 50 NAND
2 1 130 133 59 NAND
2 1 130 134 14 NAND
2 1 130 135 8 NAND
2 1 130 136 47 NAND
2 1 130 137 11 NAND
2 1 130 138 17 NAND
2 1 130 139 5 NAND
2 1 130 140 26 NAND
2 1 130 141 29 NAND
2 1 130 142 23 NAND
2 1 130 143 35 NAND
2 1 130 144 32 NAND
2 1 130 145 38 NAND
2 1 130 146 2 NAND
2 1 130 147 89 NAND
2 1 130 148 95 NAND
2 1 130 149 56 NAND
2 1 130 150 41 NAND
2 1 130 151 20 NAND
2 1 130 152 53 NAND
2 1 130 153 65 NAND
2 1 130 154 68 NAND
2 1 130 155 74 NAND
2 1 130 156 77 NAND
2 1 130 157 62 NAND
2 1 130 158 71 NAND
2 1 130 159 83 NAND
2 1 130 160 80 NAND
2 1 130 161 86 NAND
2 1 130 162 92 NAND
1 1 130 97 INV
2 1 163 164 165 NAND
2 1 166 167 168 NAND
2 1 169 170 171 NAND
2 1 172 173 174 NAND
2 1 175 176 177 NAND
2 1 178 179 180 NAND
2 1 181 182 183 NAND
2 1 184 185 186 NAND
2 1 187 188 189 NAND
2 1 190 191 192 NAND
2 1 193 194 195 NAND
2 1 196 197 198 NAND
2 1 199 200 201 NAND
2 1 202 203 204 NAND
2 1 205 206 207 NAND
2 1 208 209 210 NAND
2 1 211 212 213 NAND
2 1 214 215 216 NAND
2 1 217 218 219 NAND
2 1 220 221 222 NAND
2 1 223 224 225 NAND
2 1 226 227 228 NAND
2 1 229 230 231 NAND
2 1 232 233 234 NAND
2 1 235 236 237 NAND
2 1 238 239 240 NAND
2 1 241 242 243 NAND
2 1 244 245 246 NAND
2 1 247 248 249 NAND
2 1 250 251 252 NAND
2 1 253 254 255 NAND
2 1 256 257 258 NAND
2 1 259 6 166 NAND
2 1 259 48 208 NAND
2 1 259 90 250 NAND
2 1 259 15 175 NAND
2 1 259 9 169 NAND
2 1 259 18 178 NAND
2 1 259 12 172 NAND
2 1 259 21 181 NAND
2 1 259 27 187 NAND
2 1 259 30 190 NAND
2 1 259 36 196 NAND
2 1 259 33 193 NAND
2 1 259 39 199 NAND
2 1 259 130 260 AND
2 1 259 24 184 NAND
2 1 259 3 163 NAND
2 1 259 51 211 NAND
2 1 259 45 205 NAND
2 1 259 96 256 NAND
2 1 259 60 220 NAND
2 1 259 57 217 NAND
2 1 259 42 202 NAND
2 1 259 66 226 NAND
2 1 259 54 214 NAND
2 1 259 69 229 NAND
2 1 259 75 235 NAND
2 1 259 78 238 NAND
2 1 259 63 223 NAND
2 1 259 84 244 NAND
2 1 259 87 247 NAND
2 1 259 81 241 NAND
2 1 259 93 253 NAND
2 1 261 262 164 NAND
2 1 261 263 212 NAND
2 1 261 264 221 NAND
2 1 261 265 188 NAND
2 1 261 266 176 NAND
2 1 261 267 170 NAND
2 1 261 268 173 NAND
2 1 261 269 179 NAND
2 1 261 270 251 NAND
2 1 261 271 167 NAND
2 1 261 272 209 NAND
2 1 261 273 191 NAND
2 1 261 274 185 NAND
2 1 261 275 197 NAND
2 1 261 276 194 NAND
2 1 261 277 200 NAND
2 1 259 72 232 NAND
2 1 261 278 206 NAND
2 1 261 279 257 NAND
2 1 261 280 218 NAND
2 1 261 281 203 NAND
2 1 261 282 215 NAND
2 1 261 283 227 NAND
2 1 261 284 230 NAND
2 1 261 285 182 NAND
2 1 261 286 236 NAND
2 1 261 287 239 NAND
2 1 261 288 224 NAND
2 1 261 289 233 NAND
2 1 261 290 245 NAND
2 1 261 291 242 NAND
2 1 261 292 248 NAND
2 1 261 293 254 NAND
1 1 261 259 INV
2 1 294 295 261 NAND
2 1 296 297 294 NAND
2 1 298 299 296 NAND
2 1 300 301 298 NAND
2 1 302 303 300 NOR
2 1 304 63 302 AND
2 1 305 288 303 NOR
2 1 305 288 304 NAND
2 1 306 307 305 NOR
2 1 308 271 306 NOR
2 1 309 6 307 AND
2 1 309 6 308 NOR
2 1 310 311 309 NAND
2 1 312 42 310 NAND
1 1 313 311 INV
2 1 314 281 313 NOR
2 1 314 281 312 NAND
2 1 315 316 314 NOR
2 1 317 72 315 AND
2 1 318 289 316 NOR
2 1 318 289 317 NAND
2 1 319 320 318 NOR
2 1 321 322 319 NOR
2 1 323 324 321 NOR
2 1 325 326 323 NOR
2 1 327 328 325 NOR
2 1 329 45 327 AND
2 1 330 278 328 NOR
2 1 330 278 329 NAND
2 1 331 332 330 NOR
2 1 333 54 331 AND
2 1 334 282 332 NOR
2 1 334 282 333 NAND
2 1 335 336 334 NOR
2 1 337 75 335 AND
2 1 338 286 336 NOR
2 1 338 286 337 NAND
2 1 339 340 338 NOR
2 1 341 291 339 NOR
2 1 342 81 341 NOR
2 1 342 81 340 AND
2 1 343 344 342 NAND
2 1 345 90 343 NAND
1 1 346 344 INV
2 1 347 270 346 NOR
2 1 347 270 345 NAND
2 1 348 349 347 NOR
2 1 350 351 348 NOR
2 1 352 353 350 NOR
2 1 354 27 352 AND
2 1 355 265 353 NOR
2 1 355 265 354 NAND
2 1 356 357 355 NOR
2 1 358 33 356 AND
2 1 359 276 357 NOR
2 1 359 276 358 NAND
2 1 360 361 359 NOR
2 1 362 3 360 AND
2 1 363 262 361 NOR
2 1 363 262 362 NAND
2 1 364 365 363 NOR
2 1 366 279 364 NOR
2 1 367 96 365 AND
2 1 367 96 366 NOR
2 1 368 369 367 NAND
2 1 370 57 368 NAND
1 1 371 369 INV
2 1 372 280 371 NOR
2 1 372 280 370 NAND
2 1 373 374 372 NOR
2 1 375 376 373 NOR
2 1 377 378 375 NOR
2 1 379 69 377 AND
2 1 380 284 378 NOR
2 1 380 284 379 NAND
2 1 381 382 380 NOR
2 1 383 287 381 NOR
2 1 384 78 382 AND
2 1 384 78 383 NOR
2 1 385 386 384 NAND
2 1 387 84 385 NAND
1 1 388 386 INV
2 1 389 290 388 NOR
2 1 389 290 387 NAND
2 1 390 391 389 NOR
2 1 392 87 390 AND
2 1 393 292 391 NOR
2 1 393 292 392 NAND
2 1 394 395 393 NOR
2 1 396 93 394 AND
2 1 397 293 395 NOR
2 1 397 293 396 NAND
2 1 398 399 397 NOR
2 1 400 401 398 NOR
2 1 402 403 400 NOR
2 1 404 15 402 AND
2 1 405 266 403 NOR
2 1 405 266 404 NAND
2 1 406 407 405 NOR
2 1 408 409 406 NOR
2 1 410 411 408 NOR
2 1 412 21 410 AND
2 1 413 285 411 NOR
2 1 413 285 412 NAND
2 1 414 415 413 NOR
2 1 416 30 414 AND
2 1 417 273 415 NOR
2 1 417 273 416 NAND
2 1 418 419 417 NOR
2 1 420 36 418 AND
2 1 421 275 419 NOR
2 1 421 275 420 NAND
2 1 66 422 376 NOR
2 1 423 268 349 NOR
2 1 9 424 322 NOR
2 1 24 425 326 NOR
2 1 426 274 324 NOR
2 1 427 283 374 NOR
2 1 428 272 295 NAND
2 1 429 263 399 NOR
2 1 423 268 351 AND
2 1 9 424 320 AND
2 1 430 269 407 NOR
2 1 60 431 301 NAND
2 1 18 432 409 NOR
2 1 48 433 297 NAND
2 1 429 263 401 AND
2 1 434 264 299 NAND
2 1 39 435 421 NOR
1 1 51 429 INV
1 1 18 430 INV
1 1 267 424 INV
1 1 60 434 INV
1 1 66 427 INV
1 1 48 428 INV
1 1 269 432 INV
1 1 277 435 INV
1 1 272 433 INV
1 1 12 423 INV
1 1 24 426 INV
1 1 274 425 INV
1 1 264 431 INV
1 1 283 422 INV
2 1 436 437 130 NAND
2 1 438 439 436 NAND
2 1 440 441 438 NAND
2 1 442 443 440 NAND
2 1 444 445 442 NOR
2 1 446 124 444 AND
2 1 447 157 445 NOR
2 1 447 157 446 NAND
2 1 448 449 447 NOR
2 1 450 139 448 NOR
2 1 451 113 449 AND
2 1 451 113 450 NOR
2 1 452 453 451 NAND
2 1 454 118 452 NAND
1 1 455 453 INV
2 1 456 150 455 NOR
2 1 456 150 454 NAND
2 1 457 458 456 NOR
2 1 459 129 457 AND
2 1 460 158 458 NOR
2 1 460 158 459 NAND
2 1 461 462 460 NOR
2 1 463 464 461 NOR
2 1 465 466 463 NOR
2 1 467 468 465 NOR
2 1 469 470 467 NOR
2 1 471 98 469 AND
2 1 472 131 470 NOR
2 1 472 131 471 NAND
2 1 473 474 472 NOR
2 1 475 120 473 AND
2 1 476 152 474 NOR
2 1 476 152 475 NAND
2 1 477 478 476 NOR
2 1 479 122 477 AND
2 1 480 155 478 NOR
2 1 480 155 479 NAND
2 1 481 482 480 NOR
2 1 483 160 481 NOR
2 1 484 127 483 NOR
2 1 484 127 482 AND
2 1 485 486 484 NAND
2 1 487 100 485 NAND
1 1 488 486 INV
2 1 489 147 488 NOR
2 1 489 147 487 NAND
2 1 490 491 489 NOR
2 1 492 493 490 NOR
2 1 494 495 492 NOR
2 1 496 106 494 AND
2 1 497 140 495 NOR
2 1 497 140 496 NAND
2 1 498 499 497 NOR
2 1 500 109 498 AND
2 1 501 144 499 NOR
2 1 501 144 500 NAND
2 1 502 503 501 NOR
2 1 504 112 502 AND
2 1 505 146 503 NOR
2 1 505 146 504 NAND
2 1 506 507 505 NOR
2 1 508 148 506 NOR
2 1 509 115 507 AND
2 1 509 115 508 NOR
2 1 510 511 509 NAND
2 1 512 117 510 NAND
1 1 513 511 INV
2 1 514 149 513 NOR
2 1 514 149 512 NAND
2 1 515 516 514 NOR
2 1 517 518 515 NOR
2 1 519 520 517 NOR
2 1 521 121 519 AND
2 1 522 154 520 NOR
2 1 522 154 521 NAND
2 1 523 524 522 NOR
2 1 525 156 523 NOR
2 1 526 123 524 AND
2 1 526 123 525 NOR
2 1 527 528 526 NAND
2 1 529 125 527 NAND
1 1 530 528 INV
2 1 531 159 530 NOR
2 1 531 159 529 NAND
2 1 532 533 531 NOR
2 1 534 126 532 AND
2 1 535 161 533 NOR
2 1 535 161 534 NAND
2 1 536 537 535 NOR
2 1 538 128 536 AND
2 1 539 162 537 NOR
2 1 539 162 538 NAND
2 1 540 541 539 NOR
2 1 542 543 540 NOR
2 1 544 545 542 NOR
2 1 546 101 544 AND
2 1 547 134 545 NOR
2 1 547 134 546 NAND
2 1 548 549 547 NOR
2 1 550 551 548 NOR
2 1 552 553 550 NOR
2 1 554 105 552 AND
2 1 555 151 553 NOR
2 1 555 151 554 NAND
2 1 556 557 555 NOR
2 1 558 107 556 AND
2 1 559 141 557 NOR
2 1 559 141 558 NAND
2 1 560 561 559 NOR
2 1 562 108 560 AND
2 1 563 143 561 NOR
2 1 563 143 562 NAND
2 1 564 119 518 NOR
2 1 565 137 491 NOR
2 1 566 102 464 NOR
2 1 567 111 468 NOR
2 1 568 142 466 NOR
2 1 569 153 516 NOR
2 1 570 136 437 NAND
2 1 571 132 541 NOR
2 1 565 137 493 AND
2 1 566 102 462 AND
2 1 572 138 549 NOR
2 1 573 116 443 NAND
2 1 574 103 551 NOR
2 1 575 99 439 NAND
2 1 571 132 543 AND
2 1 576 133 441 NAND
2 1 577 110 563 NOR
1 1 114 571 INV
1 1 103 572 INV
1 1 135 566 INV
1 1 116 576 INV
1 1 119 569 INV
1 1 99 570 INV
1 1 138 574 INV
1 1 145 577 INV
1 1 136 575 INV
1 1 104 565 INV
1 1 111 568 INV
1 1 142 567 INV
1 1 133 573 INV
1 1 153 564 INV
