973 1069
32 32 32
1 1 1 2 INV
1 1 3 4 INV
1 1 5 6 INV
1 1 7 8 INV
1 1 9 10 INV
1 1 11 12 INV
1 1 13 14 INV
1 1 15 16 INV
1 1 17 18 INV
1 1 19 20 INV
1 1 21 22 INV
1 1 23 24 INV
1 1 25 26 INV
1 1 27 28 INV
1 1 29 30 INV
1 1 31 32 INV
2 1 33 34 1 AND
2 1 35 36 3 AND
2 1 37 38 5 AND
2 1 39 40 7 AND
2 1 41 42 9 AND
2 1 43 44 11 AND
2 1 45 46 13 AND
2 1 47 48 15 AND
2 1 49 50 17 AND
2 1 51 52 19 AND
2 1 53 54 21 AND
2 1 55 56 23 AND
2 1 57 58 25 AND
2 1 59 60 27 AND
2 1 61 62 29 AND
2 1 63 64 31 AND
1 1 65 66 INV
1 1 67 68 INV
1 1 69 70 INV
1 1 71 72 INV
1 1 73 74 INV
1 1 75 76 INV
1 1 77 78 INV
1 1 79 80 INV
1 1 81 82 INV
1 1 83 84 INV
1 1 85 86 INV
1 1 87 88 INV
1 1 89 90 INV
1 1 91 92 INV
1 1 93 94 INV
1 1 95 96 INV
2 1 97 98 65 AND
2 1 99 100 67 AND
2 1 101 102 69 AND
2 1 103 104 71 AND
2 1 105 106 73 AND
2 1 107 108 75 AND
2 1 109 110 77 AND
2 1 111 112 79 AND
2 1 113 114 81 AND
2 1 115 116 83 AND
2 1 117 118 85 AND
2 1 119 120 87 AND
2 1 121 122 89 AND
2 1 123 124 91 AND
2 1 125 126 93 AND
2 1 127 128 95 AND
1 1 129 61 INV
1 1 130 63 INV
1 1 131 123 INV
1 1 132 41 INV
1 1 133 37 INV
1 1 134 43 INV
1 1 135 39 INV
1 1 136 45 INV
1 1 137 49 INV
1 1 138 51 INV
1 1 139 55 INV
1 1 140 53 INV
1 1 141 57 INV
1 1 142 47 INV
1 1 143 33 INV
1 1 144 35 INV
1 1 145 97 INV
1 1 146 127 INV
1 1 147 103 INV
1 1 148 101 INV
1 1 149 59 INV
1 1 150 107 INV
1 1 151 99 INV
1 1 152 109 INV
1 1 153 113 INV
1 1 154 115 INV
1 1 155 105 INV
1 1 156 119 INV
1 1 157 121 INV
1 1 158 117 INV
1 1 159 125 INV
1 1 160 111 INV
2 1 161 162 129 AND
2 1 161 163 130 AND
2 1 161 164 131 AND
2 1 161 165 132 AND
2 1 161 166 133 AND
2 1 161 167 134 AND
2 1 161 168 135 AND
2 1 161 169 136 AND
2 1 161 170 137 AND
2 1 161 171 138 AND
2 1 161 172 139 AND
2 1 161 173 140 AND
2 1 161 174 141 AND
2 1 161 175 142 AND
2 1 161 176 143 AND
2 1 161 177 144 AND
2 1 161 178 145 AND
2 1 161 179 146 AND
2 1 161 180 147 AND
2 1 161 181 148 AND
2 1 161 182 149 AND
2 1 161 183 150 AND
2 1 161 184 151 AND
2 1 161 185 152 AND
2 1 161 186 153 AND
2 1 161 187 154 AND
2 1 161 188 155 AND
2 1 161 189 156 AND
2 1 161 190 157 AND
2 1 161 191 158 AND
2 1 161 192 159 AND
2 1 161 193 160 AND
1 1 194 62 INV
1 1 195 98 INV
1 1 196 104 INV
1 1 197 42 INV
1 1 198 38 INV
1 1 199 64 INV
1 1 200 40 INV
1 1 201 44 INV
1 1 202 36 INV
1 1 203 50 INV
1 1 204 52 INV
1 1 205 48 INV
1 1 206 56 INV
1 1 207 54 INV
1 1 208 58 INV
1 1 209 34 INV
1 1 210 124 INV
1 1 211 128 INV
1 1 212 102 INV
1 1 213 60 INV
1 1 214 46 INV
1 1 215 100 INV
1 1 216 108 INV
1 1 217 110 INV
1 1 218 114 INV
1 1 219 116 INV
1 1 220 106 INV
1 1 221 112 INV
1 1 222 120 INV
1 1 223 118 INV
1 1 224 122 INV
1 1 225 126 INV
2 1 226 227 194 AND
2 1 226 228 195 AND
2 1 226 229 196 AND
2 1 226 230 197 AND
2 1 226 231 198 AND
2 1 226 232 199 AND
2 1 226 233 200 AND
2 1 226 234 201 AND
2 1 226 235 202 AND
2 1 226 236 203 AND
2 1 226 237 204 AND
2 1 226 238 205 AND
2 1 226 239 206 AND
2 1 226 240 207 AND
2 1 226 241 208 AND
2 1 226 242 209 AND
2 1 226 243 210 AND
2 1 226 244 211 AND
2 1 226 245 212 AND
2 1 226 246 213 AND
2 1 226 247 214 AND
2 1 226 248 215 AND
2 1 226 249 216 AND
2 1 226 250 217 AND
2 1 226 251 218 AND
2 1 226 252 219 AND
2 1 226 253 220 AND
2 1 226 254 221 AND
2 1 226 255 222 AND
2 1 226 256 223 AND
2 1 226 257 224 AND
2 1 226 258 225 AND
1 1 226 161 INV
1 1 259 260 INV
1 1 261 262 INV
1 1 263 264 INV
1 1 265 266 INV
1 1 267 268 INV
1 1 269 270 INV
1 1 271 272 INV
1 1 273 274 INV
1 1 275 276 INV
1 1 277 278 INV
1 1 279 280 INV
1 1 281 282 INV
1 1 283 284 INV
1 1 285 286 INV
1 1 287 288 INV
1 1 289 290 INV
2 1 291 292 259 AND
2 1 293 294 261 AND
2 1 295 296 263 AND
2 1 297 298 265 AND
2 1 299 300 267 AND
2 1 301 302 269 AND
2 1 303 304 271 AND
2 1 305 306 273 AND
2 1 307 308 275 AND
2 1 309 310 277 AND
2 1 311 312 279 AND
2 1 313 314 281 AND
2 1 315 316 283 AND
2 1 317 318 285 AND
2 1 319 320 287 AND
2 1 321 322 289 AND
1 1 323 324 INV
1 1 325 326 INV
1 1 327 328 INV
1 1 329 330 INV
1 1 331 332 INV
1 1 333 334 INV
1 1 335 336 INV
1 1 337 338 INV
1 1 339 340 INV
1 1 341 342 INV
1 1 343 344 INV
1 1 345 346 INV
1 1 347 348 INV
1 1 349 350 INV
1 1 351 352 INV
1 1 353 354 INV
2 1 355 356 323 AND
2 1 357 358 325 AND
2 1 359 360 327 AND
2 1 361 362 329 AND
2 1 363 364 331 AND
2 1 365 366 333 AND
2 1 367 368 335 AND
2 1 369 370 337 AND
2 1 371 372 339 AND
2 1 373 374 341 AND
2 1 375 376 343 AND
2 1 377 378 345 AND
2 1 379 380 347 AND
2 1 381 382 349 AND
2 1 383 384 351 AND
2 1 385 386 353 AND
1 1 387 293 INV
1 1 388 321 INV
1 1 389 381 INV
1 1 390 299 INV
1 1 391 295 INV
1 1 392 301 INV
1 1 393 297 INV
1 1 394 303 INV
1 1 395 307 INV
1 1 396 309 INV
1 1 397 313 INV
1 1 398 311 INV
1 1 399 315 INV
1 1 400 305 INV
1 1 401 291 INV
1 1 402 355 INV
1 1 403 319 INV
1 1 404 385 INV
1 1 405 361 INV
1 1 406 359 INV
1 1 407 317 INV
1 1 408 365 INV
1 1 409 357 INV
1 1 410 367 INV
1 1 411 371 INV
1 1 412 373 INV
1 1 413 363 INV
1 1 414 377 INV
1 1 415 379 INV
1 1 416 375 INV
1 1 417 383 INV
2 1 418 4 387 AND
2 1 418 32 388 AND
2 1 418 92 389 AND
2 1 418 10 390 AND
2 1 418 6 391 AND
2 1 418 12 392 AND
2 1 418 8 393 AND
2 1 418 14 394 AND
2 1 418 18 395 AND
2 1 418 20 396 AND
2 1 418 24 397 AND
2 1 418 22 398 AND
2 1 418 26 399 AND
2 1 418 226 419 AND
2 1 418 16 400 AND
2 1 418 2 401 AND
2 1 418 66 402 AND
2 1 418 30 403 AND
2 1 418 96 404 AND
2 1 418 72 405 AND
2 1 418 70 406 AND
2 1 418 28 407 AND
2 1 418 76 408 AND
2 1 418 68 409 AND
2 1 418 78 410 AND
2 1 418 82 411 AND
2 1 418 84 412 AND
2 1 418 74 413 AND
2 1 418 88 414 AND
2 1 418 90 415 AND
2 1 418 86 416 AND
2 1 418 94 417 AND
1 1 420 292 INV
1 1 421 356 INV
1 1 422 362 INV
1 1 423 308 INV
1 1 424 300 INV
1 1 425 296 INV
1 1 426 298 INV
1 1 427 302 INV
1 1 428 382 INV
1 1 429 294 INV
1 1 430 322 INV
1 1 431 310 INV
1 1 432 306 INV
1 1 433 314 INV
1 1 434 312 INV
1 1 435 316 INV
1 1 436 369 INV
1 1 437 320 INV
1 1 438 386 INV
1 1 439 360 INV
1 1 440 318 INV
1 1 441 358 INV
1 1 442 366 INV
1 1 443 368 INV
1 1 444 304 INV
1 1 445 372 INV
1 1 446 374 INV
1 1 447 364 INV
1 1 448 370 INV
1 1 449 378 INV
1 1 450 376 INV
1 1 451 380 INV
1 1 452 384 INV
2 1 453 454 420 AND
2 1 453 455 421 AND
2 1 453 456 422 AND
2 1 453 457 423 AND
2 1 453 458 424 AND
2 1 453 459 425 AND
2 1 453 460 426 AND
2 1 453 461 427 AND
2 1 453 462 428 AND
2 1 453 463 429 AND
2 1 453 464 430 AND
2 1 453 465 431 AND
2 1 453 466 432 AND
2 1 453 467 433 AND
2 1 453 468 434 AND
2 1 453 469 435 AND
2 1 418 80 436 AND
2 1 453 470 437 AND
2 1 453 471 438 AND
2 1 453 472 439 AND
2 1 453 473 440 AND
2 1 453 474 441 AND
2 1 453 475 442 AND
2 1 453 476 443 AND
2 1 453 477 444 AND
2 1 453 478 445 AND
2 1 453 479 446 AND
2 1 453 480 447 AND
2 1 453 481 448 AND
2 1 453 482 449 AND
2 1 453 483 450 AND
2 1 453 484 451 AND
2 1 453 485 452 AND
1 1 453 418 INV
1 1 486 453 INV
2 1 487 488 486 AND
1 1 489 487 INV
2 1 490 491 489 AND
1 1 492 490 INV
2 1 493 494 492 AND
1 1 495 493 INV
2 1 496 497 495 AND
2 1 498 499 496 AND
1 1 500 498 INV
2 1 501 74 500 AND
1 1 502 499 INV
2 1 503 504 502 AND
1 1 505 501 INV
2 1 506 480 505 AND
1 1 506 503 INV
2 1 507 508 506 AND
1 1 509 507 INV
2 1 510 511 509 AND
1 1 512 508 INV
2 1 513 4 512 AND
1 1 514 510 INV
2 1 515 516 514 AND
1 1 515 513 INV
2 1 517 518 515 AND
1 1 519 517 INV
2 1 520 28 519 AND
1 1 521 518 INV
2 1 522 523 521 AND
1 1 524 520 INV
2 1 525 473 524 AND
1 1 525 522 INV
2 1 526 527 525 AND
1 1 528 526 INV
2 1 529 80 528 AND
1 1 530 527 INV
2 1 531 532 530 AND
1 1 533 529 INV
2 1 534 481 533 AND
1 1 534 531 INV
2 1 535 536 534 AND
1 1 537 535 INV
2 1 538 539 537 AND
1 1 540 538 INV
2 1 541 542 540 AND
1 1 543 541 INV
2 1 544 545 543 AND
1 1 546 544 INV
2 1 547 548 546 AND
1 1 549 547 INV
2 1 550 30 549 AND
1 1 551 548 INV
2 1 552 553 551 AND
1 1 554 550 INV
2 1 555 470 554 AND
1 1 555 552 INV
2 1 556 557 555 AND
1 1 558 556 INV
2 1 559 68 558 AND
1 1 560 557 INV
2 1 561 562 560 AND
1 1 563 559 INV
2 1 564 474 563 AND
1 1 564 561 INV
2 1 565 566 564 AND
1 1 567 565 INV
2 1 568 82 567 AND
1 1 569 566 INV
2 1 570 571 569 AND
1 1 572 568 INV
2 1 573 478 572 AND
1 1 573 570 INV
2 1 574 575 573 AND
1 1 576 574 INV
2 1 577 578 576 AND
1 1 579 577 INV
2 1 580 581 579 AND
1 1 582 575 INV
2 1 583 86 582 AND
1 1 580 583 INV
2 1 584 585 580 AND
1 1 586 584 INV
2 1 587 92 586 AND
1 1 588 585 INV
2 1 589 590 588 AND
1 1 591 587 INV
2 1 592 462 591 AND
1 1 592 589 INV
2 1 593 594 592 AND
1 1 595 593 INV
2 1 596 597 595 AND
1 1 598 596 INV
2 1 599 600 598 AND
1 1 601 599 INV
2 1 602 18 601 AND
1 1 603 600 INV
2 1 604 605 603 AND
1 1 606 602 INV
2 1 607 457 606 AND
1 1 607 604 INV
2 1 608 609 607 AND
1 1 610 608 INV
2 1 611 22 610 AND
1 1 612 609 INV
2 1 613 614 612 AND
1 1 615 611 INV
2 1 616 468 615 AND
1 1 616 613 INV
2 1 617 618 616 AND
1 1 619 617 INV
2 1 620 2 619 AND
1 1 621 618 INV
2 1 622 623 621 AND
1 1 624 620 INV
2 1 625 454 624 AND
1 1 625 622 INV
2 1 626 627 625 AND
1 1 628 626 INV
2 1 629 630 628 AND
1 1 631 627 INV
2 1 632 96 631 AND
1 1 633 629 INV
2 1 634 635 633 AND
1 1 634 632 INV
2 1 636 637 634 AND
1 1 638 636 INV
2 1 639 70 638 AND
1 1 640 637 INV
2 1 641 642 640 AND
1 1 643 639 INV
2 1 644 472 643 AND
1 1 644 641 INV
2 1 645 646 644 AND
1 1 647 645 INV
2 1 648 649 647 AND
1 1 650 648 INV
2 1 651 652 650 AND
1 1 653 651 INV
2 1 654 78 653 AND
1 1 655 652 INV
2 1 656 657 655 AND
1 1 658 654 INV
2 1 659 476 658 AND
1 1 659 656 INV
2 1 660 661 659 AND
1 1 662 660 INV
2 1 663 664 662 AND
1 1 665 661 INV
2 1 666 84 665 AND
1 1 667 663 INV
2 1 668 669 667 AND
1 1 668 666 INV
2 1 670 671 668 AND
1 1 672 670 INV
2 1 673 88 672 AND
1 1 674 671 INV
2 1 675 676 674 AND
1 1 677 673 INV
2 1 678 482 677 AND
1 1 678 675 INV
2 1 679 680 678 AND
1 1 681 679 INV
2 1 682 90 681 AND
1 1 683 680 INV
2 1 684 685 683 AND
1 1 686 682 INV
2 1 687 484 686 AND
1 1 687 684 INV
2 1 688 689 687 AND
1 1 690 688 INV
2 1 691 94 690 AND
1 1 692 689 INV
2 1 693 694 692 AND
1 1 695 691 INV
2 1 696 485 695 AND
1 1 696 693 INV
2 1 697 698 696 AND
1 1 699 697 INV
2 1 700 701 699 AND
1 1 702 700 INV
2 1 703 704 702 AND
1 1 705 703 INV
2 1 706 10 705 AND
1 1 707 704 INV
2 1 708 709 707 AND
1 1 710 706 INV
2 1 711 458 710 AND
1 1 711 708 INV
2 1 712 713 711 AND
1 1 714 712 INV
2 1 715 716 714 AND
1 1 717 715 INV
2 1 718 719 717 AND
1 1 720 718 INV
2 1 721 14 720 AND
1 1 722 719 INV
2 1 723 724 722 AND
1 1 725 721 INV
2 1 726 477 725 AND
1 1 726 723 INV
2 1 727 728 726 AND
1 1 729 727 INV
2 1 730 20 729 AND
1 1 731 728 INV
2 1 732 733 731 AND
1 1 734 730 INV
2 1 735 465 734 AND
1 1 735 732 INV
2 1 736 737 735 AND
1 1 738 736 INV
2 1 739 24 738 AND
1 1 740 737 INV
2 1 741 742 740 AND
1 1 743 739 INV
2 1 744 467 743 AND
1 1 745 649 INV
1 1 746 594 INV
1 1 747 539 INV
1 1 748 545 INV
1 1 749 542 INV
1 1 750 646 INV
1 1 751 488 INV
1 1 752 698 INV
2 1 753 475 745 AND
2 1 8 754 746 AND
2 1 755 459 747 AND
2 1 756 466 748 AND
2 1 16 757 749 AND
2 1 76 758 750 AND
2 1 759 464 751 AND
2 1 66 760 752 AND
1 1 761 597 INV
1 1 762 536 INV
1 1 763 713 INV
1 1 764 497 INV
1 1 765 716 INV
1 1 766 491 INV
1 1 767 701 INV
1 1 768 494 INV
1 1 744 741 INV
2 1 769 460 761 AND
2 1 6 770 762 AND
2 1 12 771 763 AND
2 1 72 772 764 AND
2 1 773 461 765 AND
2 1 32 774 766 AND
2 1 775 455 767 AND
2 1 776 456 768 AND
2 1 777 469 744 AND
1 1 471 630 INV
1 1 483 578 INV
1 1 472 642 INV
1 1 84 669 INV
1 1 66 775 INV
1 1 12 773 INV
1 1 4 516 INV
1 1 477 724 INV
1 1 86 581 INV
1 1 460 754 INV
1 1 470 553 INV
1 1 459 770 INV
1 1 474 562 INV
1 1 455 760 INV
1 1 72 776 INV
1 1 465 733 INV
1 1 485 694 INV
1 1 480 504 INV
1 1 76 753 INV
1 1 457 605 INV
1 1 6 755 INV
1 1 32 759 INV
1 1 467 742 INV
1 1 461 771 INV
1 1 479 664 INV
1 1 463 511 INV
1 1 26 777 INV
1 1 464 774 INV
1 1 481 532 INV
1 1 8 769 INV
1 1 16 756 INV
1 1 468 614 INV
1 1 473 523 INV
1 1 458 709 INV
1 1 466 757 INV
1 1 454 623 INV
1 1 478 571 INV
1 1 456 772 INV
1 1 484 685 INV
1 1 476 657 INV
1 1 475 758 INV
1 1 482 676 INV
1 1 96 635 INV
1 1 462 590 INV
1 1 778 226 INV
2 1 779 780 778 AND
1 1 781 779 INV
2 1 782 783 781 AND
1 1 784 782 INV
2 1 785 786 784 AND
1 1 787 785 INV
2 1 788 789 787 AND
2 1 790 791 788 AND
1 1 792 790 INV
2 1 793 188 792 AND
1 1 794 791 INV
2 1 795 796 794 AND
1 1 797 793 INV
2 1 798 253 797 AND
1 1 798 795 INV
2 1 799 800 798 AND
1 1 801 799 INV
2 1 802 803 801 AND
1 1 804 800 INV
2 1 805 177 804 AND
1 1 806 802 INV
2 1 807 808 806 AND
1 1 807 805 INV
2 1 809 810 807 AND
1 1 811 809 INV
2 1 812 182 811 AND
1 1 813 810 INV
2 1 814 815 813 AND
1 1 816 812 INV
2 1 817 246 816 AND
1 1 817 814 INV
2 1 818 819 817 AND
1 1 820 818 INV
2 1 821 193 820 AND
1 1 822 819 INV
2 1 823 824 822 AND
1 1 825 821 INV
2 1 826 254 825 AND
1 1 826 823 INV
2 1 827 828 826 AND
1 1 829 827 INV
2 1 830 831 829 AND
1 1 832 830 INV
2 1 833 834 832 AND
1 1 835 833 INV
2 1 836 837 835 AND
1 1 838 836 INV
2 1 839 840 838 AND
1 1 841 839 INV
2 1 842 162 841 AND
1 1 843 840 INV
2 1 844 845 843 AND
1 1 846 842 INV
2 1 847 227 846 AND
1 1 847 844 INV
2 1 848 849 847 AND
1 1 850 848 INV
2 1 851 184 850 AND
1 1 852 849 INV
2 1 853 854 852 AND
1 1 855 851 INV
2 1 856 248 855 AND
1 1 856 853 INV
2 1 857 858 856 AND
1 1 859 857 INV
2 1 860 186 859 AND
1 1 861 858 INV
2 1 862 863 861 AND
1 1 864 860 INV
2 1 865 251 864 AND
1 1 865 862 INV
2 1 866 867 865 AND
1 1 868 866 INV
2 1 869 870 868 AND
1 1 871 869 INV
2 1 872 873 871 AND
1 1 874 867 INV
2 1 875 191 874 AND
1 1 872 875 INV
2 1 876 877 872 AND
1 1 878 876 INV
2 1 879 164 878 AND
1 1 880 877 INV
2 1 881 882 880 AND
1 1 883 879 INV
2 1 884 243 883 AND
1 1 884 881 INV
2 1 885 886 884 AND
1 1 887 885 INV
2 1 888 889 887 AND
1 1 890 888 INV
2 1 891 892 890 AND
1 1 893 891 INV
2 1 894 170 893 AND
1 1 895 892 INV
2 1 896 897 895 AND
1 1 898 894 INV
2 1 899 236 898 AND
1 1 899 896 INV
2 1 900 901 899 AND
1 1 902 900 INV
2 1 903 173 902 AND
1 1 904 901 INV
2 1 905 906 904 AND
1 1 907 903 INV
2 1 908 240 907 AND
1 1 908 905 INV
2 1 909 910 908 AND
1 1 911 909 INV
2 1 912 176 911 AND
1 1 913 910 INV
2 1 914 915 913 AND
1 1 916 912 INV
2 1 917 242 916 AND
1 1 917 914 INV
2 1 918 919 917 AND
1 1 920 918 INV
2 1 921 922 920 AND
1 1 923 919 INV
2 1 924 179 923 AND
1 1 925 921 INV
2 1 926 927 925 AND
1 1 926 924 INV
2 1 928 929 926 AND
1 1 930 928 INV
2 1 931 181 930 AND
1 1 932 929 INV
2 1 933 934 932 AND
1 1 935 931 INV
2 1 936 245 935 AND
1 1 936 933 INV
2 1 937 938 936 AND
1 1 939 937 INV
2 1 940 941 939 AND
1 1 942 940 INV
2 1 943 944 942 AND
1 1 945 943 INV
2 1 946 185 945 AND
1 1 947 944 INV
2 1 948 949 947 AND
1 1 950 946 INV
2 1 951 250 950 AND
1 1 951 948 INV
2 1 952 953 951 AND
1 1 954 952 INV
2 1 955 956 954 AND
1 1 957 953 INV
2 1 958 187 957 AND
1 1 959 955 INV
2 1 960 961 959 AND
1 1 960 958 INV
2 1 962 963 960 AND
1 1 964 962 INV
2 1 965 189 964 AND
1 1 966 963 INV
2 1 967 968 966 AND
1 1 969 965 INV
2 1 970 255 969 AND
1 1 970 967 INV
2 1 971 972 970 AND
1 1 973 971 INV
2 1 974 190 973 AND
1 1 975 972 INV
2 1 976 977 975 AND
1 1 978 974 INV
2 1 979 257 978 AND
1 1 979 976 INV
2 1 980 981 979 AND
1 1 982 980 INV
2 1 983 192 982 AND
1 1 984 981 INV
2 1 985 986 984 AND
1 1 987 983 INV
2 1 988 258 987 AND
1 1 988 985 INV
2 1 989 990 988 AND
1 1 991 989 INV
2 1 992 993 991 AND
1 1 994 992 INV
2 1 995 996 994 AND
1 1 997 995 INV
2 1 998 165 997 AND
1 1 999 996 INV
2 1 1000 1001 999 AND
1 1 1002 998 INV
2 1 1003 230 1002 AND
1 1 1003 1000 INV
2 1 1004 1005 1003 AND
1 1 1006 1004 INV
2 1 1007 1008 1006 AND
1 1 1009 1007 INV
2 1 1010 1011 1009 AND
1 1 1012 1010 INV
2 1 1013 169 1012 AND
1 1 1014 1011 INV
2 1 1015 1016 1014 AND
1 1 1017 1013 INV
2 1 1018 247 1017 AND
1 1 1018 1015 INV
2 1 1019 1020 1018 AND
1 1 1021 1019 INV
2 1 1022 171 1021 AND
1 1 1023 1020 INV
2 1 1024 1025 1023 AND
1 1 1026 1022 INV
2 1 1027 237 1026 AND
1 1 1027 1024 INV
2 1 1028 1029 1027 AND
1 1 1030 1028 INV
2 1 1031 172 1030 AND
1 1 1032 1029 INV
2 1 1033 1034 1032 AND
1 1 1035 1031 INV
2 1 1036 239 1035 AND
1 1 1037 941 INV
1 1 1038 886 INV
1 1 1039 831 INV
1 1 1040 837 INV
1 1 1041 834 INV
1 1 1042 938 INV
1 1 1043 780 INV
1 1 1044 990 INV
2 1 1045 249 1037 AND
2 1 1046 168 1038 AND
2 1 1047 231 1039 AND
2 1 1048 238 1040 AND
2 1 1049 175 1041 AND
2 1 1050 183 1042 AND
2 1 1051 232 1043 AND
2 1 1052 178 1044 AND
1 1 1053 889 INV
1 1 1054 828 INV
1 1 1055 1005 INV
1 1 1056 789 INV
1 1 1057 1008 INV
1 1 1058 783 INV
1 1 1059 993 INV
1 1 1060 786 INV
1 1 1036 1033 INV
2 1 1061 233 1053 AND
2 1 1062 166 1054 AND
2 1 1063 167 1055 AND
2 1 1064 180 1056 AND
2 1 1065 234 1057 AND
2 1 1066 163 1058 AND
2 1 1067 228 1059 AND
2 1 1068 229 1060 AND
2 1 1069 241 1036 AND
1 1 244 922 INV
1 1 256 870 INV
1 1 245 934 INV
1 1 187 961 INV
1 1 178 1067 INV
1 1 167 1065 INV
1 1 177 808 INV
1 1 247 1016 INV
1 1 191 873 INV
1 1 233 1046 INV
1 1 227 845 INV
1 1 231 1062 INV
1 1 248 854 INV
1 1 228 1052 INV
1 1 180 1068 INV
1 1 237 1025 INV
1 1 258 986 INV
1 1 253 796 INV
1 1 183 1045 INV
1 1 236 897 INV
1 1 166 1047 INV
1 1 163 1051 INV
1 1 239 1034 INV
1 1 234 1063 INV
1 1 252 956 INV
1 1 235 803 INV
1 1 174 1069 INV
1 1 232 1066 INV
1 1 254 824 INV
1 1 168 1061 INV
1 1 175 1048 INV
1 1 240 906 INV
1 1 246 815 INV
1 1 230 1001 INV
1 1 238 1049 INV
1 1 242 915 INV
1 1 251 863 INV
1 1 229 1064 INV
1 1 257 977 INV
1 1 250 949 INV
1 1 249 1050 INV
1 1 255 968 INV
1 1 179 927 INV
1 1 243 882 INV
