169 193
8 8 8 9
2 1 1 2 3 XOR
2 1 4 5 1 AND
2 1 6 7 8 XOR
1 1 9 4 INV
2 1 10 11 9 AND
1 1 6 10 INV
2 1 12 13 6 AND
2 1 14 15 16 XOR
1 1 17 12 INV
2 1 18 19 17 AND
1 1 14 18 INV
2 1 20 21 14 AND
2 1 22 23 24 XOR
1 1 25 20 INV
2 1 26 27 25 AND
1 1 22 26 INV
2 1 28 29 22 AND
2 1 30 31 32 XOR
1 1 33 28 INV
2 1 34 35 33 AND
1 1 30 34 INV
2 1 36 37 30 AND
2 1 38 39 40 XOR
1 1 41 36 INV
2 1 42 43 41 AND
2 1 44 45 46 XOR
1 1 38 42 INV
2 1 47 48 38 AND
1 1 49 47 INV
2 1 50 51 49 AND
2 1 52 53 15 XOR
2 1 54 55 23 XOR
2 1 56 57 31 XOR
2 1 58 59 39 XOR
2 1 60 61 45 XOR
2 1 62 63 64 XOR
2 1 65 66 7 XOR
1 1 67 51 INV
1 1 68 5 INV
1 1 69 35 INV
1 1 70 37 INV
1 1 71 19 INV
1 1 44 50 INV
2 1 60 72 67 AND
2 1 73 66 68 AND
2 1 56 74 69 AND
2 1 75 59 70 AND
2 1 52 76 71 AND
2 1 77 78 44 AND
1 1 79 48 INV
1 1 80 43 INV
1 1 81 11 INV
1 1 82 13 INV
1 1 83 27 INV
1 1 84 29 INV
1 1 85 21 INV
2 1 86 61 79 AND
2 1 58 87 80 AND
2 1 65 88 81 AND
2 1 89 53 82 AND
2 1 54 90 83 AND
2 1 91 57 84 AND
2 1 92 55 85 AND
1 1 93 77 INV
2 1 94 95 93 AND
1 1 57 74 INV
2 1 96 97 57 XOR
1 1 53 76 INV
2 1 98 99 53 XOR
2 1 100 101 63 XOR
2 1 102 103 104 XOR
1 1 59 87 INV
2 1 105 106 59 XOR
1 1 86 60 INV
2 1 107 108 86 XOR
1 1 55 90 INV
2 1 109 110 55 XOR
1 1 66 88 INV
2 1 111 112 66 XOR
1 1 58 75 INV
2 1 113 114 58 AND
1 1 54 92 INV
2 1 115 116 54 AND
1 1 65 73 INV
2 1 117 118 65 AND
1 1 56 91 INV
2 1 119 120 56 AND
2 1 121 122 2 AND
1 1 62 94 INV
2 1 123 124 62 AND
1 1 52 89 INV
2 1 125 126 52 AND
1 1 127 95 INV
2 1 100 128 127 AND
1 1 129 78 INV
2 1 130 101 129 AND
1 1 131 121 INV
1 1 132 125 INV
1 1 133 117 INV
1 1 134 123 INV
1 1 135 113 INV
1 1 136 115 INV
1 1 137 119 INV
2 1 138 112 131 AND
2 1 139 110 132 AND
2 1 140 99 133 AND
2 1 141 142 134 AND
2 1 143 108 135 AND
2 1 144 97 136 AND
2 1 145 106 137 AND
1 1 130 100 INV
2 1 146 147 111 XOR
2 1 148 149 109 XOR
2 1 150 142 102 XOR
2 1 151 152 96 XOR
2 1 153 154 98 XOR
2 1 155 156 105 XOR
2 1 157 158 107 XOR
2 1 159 160 130 XOR
1 1 161 141 INV
1 1 162 145 INV
1 1 163 139 INV
1 1 164 140 INV
1 1 165 143 INV
1 1 166 144 INV
1 1 167 138 INV
2 1 168 169 161 AND
2 1 170 171 162 AND
2 1 172 173 163 AND
2 1 174 175 164 AND
2 1 176 177 165 AND
2 1 178 179 166 AND
2 1 180 181 167 AND
1 1 182 124 INV
1 1 183 126 INV
1 1 184 122 INV
1 1 185 118 INV
1 1 186 120 INV
1 1 187 114 INV
1 1 188 116 INV
1 1 61 72 INV
2 1 103 150 182 AND
2 1 148 149 183 AND
2 1 146 147 184 AND
2 1 153 154 185 AND
2 1 155 156 186 AND
2 1 157 158 187 AND
2 1 151 152 188 AND
2 1 159 160 61 AND
1 1 101 128 INV
1 1 152 178 INV
1 1 155 171 INV
1 1 157 177 INV
1 1 149 172 INV
1 1 147 180 INV
1 1 150 168 INV
1 1 154 174 INV
1 1 153 175 INV
1 1 156 170 INV
1 1 103 169 INV
1 1 151 179 INV
1 1 158 176 INV
1 1 148 173 INV
1 1 146 181 INV
2 1 3 189 190 AND
1 1 191 189 INV
2 1 192 193 191 AND
1 1 16 193 INV
1 1 8 192 INV
