90 114
8 8 8 9
2 1 1 2 3 XOR
2 1 4 5 1 NAND
2 1 6 7 8 XOR
2 1 6 9 4 NAND
2 1 10 11 6 NAND
2 1 12 13 14 XOR
2 1 12 15 10 NAND
2 1 16 17 12 NAND
2 1 18 19 20 XOR
2 1 18 21 16 NAND
2 1 22 23 18 NAND
2 1 24 25 26 XOR
2 1 24 27 22 NAND
2 1 28 29 24 NAND
2 1 30 31 32 XOR
2 1 30 33 28 NAND
2 1 34 35 36 XOR
2 1 37 38 30 NAND
2 1 35 39 37 NAND
2 1 40 41 34 XOR
2 1 42 43 13 XOR
2 1 44 45 19 XOR
2 1 46 47 25 XOR
2 1 48 49 31 XOR
2 1 50 51 52 XOR
2 1 53 54 7 XOR
2 1 40 41 38 NAND
2 1 40 41 39 OR
2 1 46 47 27 OR
2 1 48 49 29 NAND
2 1 42 43 15 OR
2 1 53 54 5 NAND
2 1 46 47 23 NAND
2 1 48 49 33 OR
2 1 53 54 9 OR
2 1 44 45 17 NAND
2 1 42 43 11 NAND
2 1 44 45 21 OR
2 1 55 56 35 NAND
2 1 57 51 55 NAND
2 1 58 59 46 XOR
2 1 60 61 53 XOR
2 1 62 63 42 XOR
2 1 64 65 50 XOR
2 1 66 67 68 XOR
2 1 69 70 48 XOR
2 1 71 72 40 XOR
2 1 73 74 44 XOR
2 1 75 76 45 NAND
2 1 77 78 49 NAND
2 1 79 80 2 NAND
2 1 81 82 54 NAND
2 1 83 84 51 NAND
2 1 85 86 43 NAND
2 1 64 65 56 NAND
2 1 64 65 57 OR
2 1 87 88 47 NAND
2 1 89 61 79 NAND
2 1 90 91 83 NAND
2 1 92 63 81 NAND
2 1 93 72 77 NAND
2 1 94 59 75 NAND
2 1 95 74 85 NAND
2 1 96 70 87 NAND
2 1 97 98 60 XOR
2 1 99 91 66 XOR
2 1 100 101 58 XOR
2 1 102 103 73 XOR
2 1 104 105 62 XOR
2 1 106 107 69 XOR
2 1 108 109 71 XOR
2 1 110 111 64 XOR
2 1 108 109 78 NAND
2 1 106 107 88 NAND
2 1 106 107 96 OR
2 1 102 103 95 OR
2 1 97 98 80 NAND
2 1 104 105 92 OR
2 1 100 101 94 OR
2 1 108 109 93 OR
2 1 67 99 84 NAND
2 1 97 98 89 OR
2 1 67 99 90 OR
2 1 104 105 82 NAND
2 1 100 101 76 NAND
2 1 102 103 86 NAND
2 1 110 111 41 AND
2 1 112 113 114 NOR
2 1 8 14 113 NOR
1 1 3 112 INV
