78 102
8 8 8 9
2 1 1 2 3 XOR
2 1 4 5 1 NAND
3 1 6 7 8 9 XOR
2 1 6 10 4 NAND
2 1 11 12 6 NAND
3 1 13 14 15 16 XOR
2 1 13 17 11 NAND
2 1 18 19 13 NAND
3 1 20 21 22 23 XOR
2 1 20 24 18 NAND
2 1 25 26 20 NAND
3 1 27 28 29 30 XOR
2 1 27 31 25 NAND
2 1 32 33 27 NAND
3 1 34 35 36 37 XOR
2 1 34 38 32 NAND
3 1 39 40 41 42 XOR
2 1 43 44 34 NAND
2 1 45 46 43 NAND
3 1 47 48 49 50 XOR
2 1 40 51 44 NAND
2 1 35 36 33 NAND
2 1 14 15 17 OR
2 1 7 8 5 NAND
2 1 21 22 19 NAND
2 1 35 36 38 OR
1 1 45 39 INV
2 1 28 29 26 NAND
2 1 7 8 10 OR
2 1 40 51 46 OR
2 1 28 29 31 OR
2 1 14 15 12 NAND
2 1 21 22 24 OR
2 1 52 53 45 NAND
2 1 54 47 52 NAND
3 1 55 56 57 28 XOR
3 1 58 59 60 7 XOR
3 1 61 62 63 14 XOR
3 1 64 65 66 67 XOR
3 1 68 69 70 35 XOR
3 1 71 72 73 40 XOR
3 1 74 75 76 21 XOR
2 1 77 78 22 NAND
2 1 79 80 36 NAND
2 1 81 82 2 NAND
2 1 83 84 8 NAND
2 1 85 86 47 NAND
2 1 87 88 15 NAND
2 1 48 49 53 NAND
2 1 48 49 54 OR
2 1 89 90 29 NAND
2 1 91 68 89 NAND
2 1 92 61 83 NAND
2 1 93 74 87 NAND
2 1 94 66 85 NAND
2 1 95 71 79 NAND
2 1 96 55 77 NAND
2 1 97 58 81 NAND
2 1 98 99 48 XOR
2 1 62 63 92 OR
2 1 69 70 90 NAND
2 1 59 60 82 NAND
2 1 64 65 94 OR
2 1 69 70 91 OR
2 1 56 57 96 OR
2 1 75 76 93 OR
1 1 41 51 INV
2 1 75 76 88 NAND
2 1 64 65 86 NAND
2 1 59 60 97 OR
2 1 72 73 80 NAND
2 1 62 63 84 NAND
2 1 72 73 95 OR
2 1 56 57 78 NAND
2 1 98 99 41 NAND
2 1 100 101 102 NOR
2 1 9 16 101 NOR
1 1 3 100 INV
