155 179
8 8 8 9
2 1 1 2 3 XOR
2 1 4 5 1 AND
3 1 6 7 8 9 XOR
1 1 10 4 INV
2 1 11 12 10 AND
1 1 6 11 INV
2 1 13 14 6 AND
3 1 15 16 17 18 XOR
1 1 19 13 INV
2 1 20 21 19 AND
1 1 15 20 INV
2 1 22 23 15 AND
3 1 24 25 26 27 XOR
1 1 28 22 INV
2 1 29 30 28 AND
1 1 24 29 INV
2 1 31 32 24 AND
3 1 33 34 35 36 XOR
1 1 37 31 INV
2 1 38 39 37 AND
1 1 33 38 INV
2 1 40 41 33 AND
3 1 42 43 44 45 XOR
1 1 46 40 INV
2 1 47 48 46 AND
3 1 49 50 51 52 XOR
1 1 42 47 INV
2 1 53 54 42 AND
1 1 55 53 INV
2 1 56 57 55 AND
3 1 58 59 60 61 XOR
1 1 62 57 INV
1 1 63 5 INV
1 1 64 39 INV
1 1 65 41 INV
1 1 66 21 INV
1 1 49 56 INV
2 1 67 51 62 AND
2 1 68 8 63 AND
2 1 34 69 64 AND
2 1 70 44 65 AND
2 1 16 71 66 AND
2 1 72 73 49 AND
1 1 74 54 INV
1 1 75 48 INV
1 1 76 12 INV
1 1 77 14 INV
1 1 78 30 INV
1 1 79 32 INV
1 1 80 23 INV
2 1 50 81 74 AND
2 1 43 82 75 AND
2 1 7 83 76 AND
2 1 84 17 77 AND
2 1 25 85 78 AND
2 1 86 35 79 AND
2 1 87 26 80 AND
1 1 88 72 INV
2 1 89 90 88 AND
1 1 35 69 INV
3 1 91 92 93 35 XOR
1 1 17 71 INV
3 1 94 95 96 17 XOR
3 1 97 98 99 100 XOR
1 1 44 82 INV
3 1 101 102 103 44 XOR
1 1 50 67 INV
3 1 104 105 106 50 XOR
1 1 26 85 INV
3 1 107 108 109 26 XOR
1 1 8 83 INV
3 1 110 111 112 8 XOR
1 1 43 70 INV
2 1 113 114 43 AND
1 1 25 87 INV
2 1 115 116 25 AND
1 1 7 68 INV
2 1 117 118 7 AND
1 1 34 86 INV
2 1 119 120 34 AND
2 1 121 122 2 AND
1 1 58 89 INV
2 1 123 124 58 AND
1 1 16 84 INV
2 1 125 126 16 AND
1 1 127 90 INV
2 1 128 60 127 AND
1 1 129 73 INV
2 1 59 130 129 AND
1 1 131 119 INV
2 1 132 101 131 AND
1 1 133 125 INV
2 1 134 107 133 AND
1 1 135 117 INV
2 1 136 94 135 AND
1 1 137 123 INV
2 1 138 99 137 AND
1 1 139 113 INV
2 1 140 104 139 AND
1 1 141 115 INV
2 1 142 91 141 AND
1 1 143 121 INV
2 1 144 110 143 AND
1 1 59 128 INV
2 1 145 146 59 XOR
1 1 147 138 INV
1 1 148 132 INV
1 1 149 134 INV
1 1 150 136 INV
1 1 151 140 INV
1 1 152 142 INV
1 1 153 144 INV
2 1 154 155 147 AND
2 1 156 157 148 AND
2 1 158 159 149 AND
2 1 160 161 150 AND
2 1 162 163 151 AND
2 1 164 165 152 AND
2 1 166 167 153 AND
1 1 168 114 INV
1 1 169 122 INV
1 1 170 118 INV
1 1 171 124 INV
1 1 172 120 INV
1 1 173 116 INV
1 1 174 126 INV
1 1 81 51 INV
2 1 105 106 168 AND
2 1 111 112 169 AND
2 1 95 96 170 AND
2 1 97 98 171 AND
2 1 102 103 172 AND
2 1 92 93 173 AND
2 1 108 109 174 AND
2 1 145 146 81 AND
1 1 93 164 INV
1 1 102 157 INV
1 1 96 160 INV
1 1 105 163 INV
1 1 112 166 INV
1 1 130 60 INV
1 1 106 162 INV
1 1 108 159 INV
1 1 95 161 INV
1 1 109 158 INV
1 1 111 167 INV
1 1 97 155 INV
1 1 98 154 INV
1 1 103 156 INV
1 1 92 165 INV
2 1 175 176 3 AND
1 1 177 176 INV
2 1 178 179 177 AND
1 1 18 179 INV
1 1 9 178 INV
