1146 1162
8 8 8
3 1 1 2 3 4 XOR
2 1 5 6 1 AND
1 1 7 5 INV
2 1 8 9 7 AND
1 1 10 9 INV
2 1 11 12 10 AND
3 1 13 14 15 2 XOR
1 1 16 11 INV
2 1 17 18 16 AND
1 1 19 6 INV
1 1 20 8 INV
2 1 21 22 19 AND
2 1 23 24 20 AND
2 1 25 26 13 AND
1 1 27 17 INV
1 1 21 23 INV
2 1 28 29 27 AND
3 1 30 31 32 21 XOR
1 1 33 25 INV
1 1 34 28 INV
2 1 35 36 33 AND
2 1 37 38 34 AND
1 1 39 12 INV
1 1 40 18 INV
2 1 41 42 39 AND
2 1 43 44 40 AND
1 1 30 35 INV
2 1 45 46 30 AND
1 1 47 37 INV
1 1 43 41 INV
2 1 48 49 47 AND
3 1 50 51 52 43 XOR
1 1 53 45 INV
1 1 54 48 INV
2 1 55 56 53 AND
2 1 57 58 54 AND
1 1 59 29 INV
1 1 60 38 INV
2 1 61 62 59 AND
2 1 63 64 60 AND
1 1 50 55 INV
2 1 65 66 50 AND
1 1 67 57 INV
1 1 61 63 INV
2 1 68 69 67 AND
3 1 70 71 72 61 XOR
1 1 73 65 INV
1 1 74 68 INV
2 1 75 76 73 AND
2 1 77 78 74 AND
1 1 79 49 INV
1 1 80 58 INV
2 1 81 82 79 AND
2 1 83 84 80 AND
1 1 85 77 INV
1 1 70 75 INV
2 1 86 87 85 AND
2 1 88 89 70 AND
1 1 90 69 INV
1 1 83 81 INV
2 1 91 92 90 AND
3 1 93 94 95 83 XOR
1 1 96 88 INV
2 1 97 98 96 AND
1 1 91 86 INV
3 1 99 100 101 78 XOR
2 1 102 103 91 AND
1 1 93 97 INV
2 1 104 105 93 AND
1 1 106 102 INV
2 1 107 108 106 AND
1 1 109 104 INV
2 1 110 99 109 AND
2 1 111 112 107 XOR
1 1 113 110 INV
1 1 114 98 INV
1 1 115 56 INV
1 1 116 36 INV
1 1 117 76 INV
2 1 118 119 113 AND
2 1 120 121 114 AND
2 1 122 123 115 AND
2 1 124 32 116 AND
2 1 125 72 117 AND
1 1 126 66 INV
1 1 127 26 INV
1 1 128 105 INV
1 1 129 89 INV
1 1 130 46 INV
2 1 71 131 126 AND
2 1 31 132 127 AND
2 1 100 101 128 AND
2 1 94 95 129 AND
2 1 51 52 130 AND
2 1 111 133 99 AND
1 1 31 124 INV
1 1 51 122 INV
1 1 71 125 INV
2 1 134 44 31 AND
2 1 134 64 51 AND
2 1 134 84 71 AND
1 1 94 120 INV
1 1 100 118 INV
2 1 134 87 94 AND
2 1 134 135 111 AND
2 1 134 136 100 AND
2 1 134 24 14 AND
1 1 134 137 INV
2 1 138 139 134 XOR
2 1 140 141 138 AND
3 1 142 143 24 15 XOR
1 1 144 140 INV
2 1 145 146 144 AND
2 1 147 3 139 AND
1 1 142 145 INV
2 1 148 149 142 AND
1 1 32 132 INV
3 1 150 151 152 147 XOR
3 1 153 154 44 32 XOR
1 1 155 148 INV
2 1 156 157 155 AND
1 1 158 141 INV
1 1 159 146 INV
2 1 143 22 158 AND
2 1 160 24 159 AND
1 1 153 156 INV
2 1 161 162 150 AND
2 1 163 164 153 AND
1 1 52 123 INV
1 1 143 160 INV
3 1 165 166 64 52 XOR
3 1 167 168 169 143 XOR
1 1 170 163 INV
1 1 171 161 INV
2 1 172 173 170 AND
2 1 174 175 171 AND
1 1 176 149 INV
1 1 177 157 INV
2 1 178 42 176 AND
2 1 154 44 177 AND
1 1 165 172 INV
1 1 167 174 INV
2 1 179 180 165 AND
2 1 181 182 167 AND
1 1 154 178 INV
1 1 72 131 INV
3 1 183 184 185 154 XOR
3 1 186 187 84 72 XOR
1 1 188 179 INV
1 1 189 181 INV
2 1 190 191 188 AND
2 1 192 193 189 AND
1 1 194 164 INV
1 1 195 173 INV
1 1 95 121 INV
2 1 166 62 194 AND
2 1 196 64 195 AND
3 1 197 198 87 95 XOR
1 1 183 192 INV
2 1 199 200 183 AND
1 1 166 196 INV
1 1 186 190 INV
3 1 201 202 203 166 XOR
2 1 204 205 186 AND
1 1 206 199 INV
1 1 207 204 INV
2 1 208 209 206 AND
2 1 210 211 207 AND
1 1 212 180 INV
1 1 213 191 INV
1 1 101 119 INV
2 1 214 82 212 AND
2 1 187 84 213 AND
3 1 215 216 136 101 XOR
1 1 201 208 INV
1 1 197 210 INV
2 1 217 218 201 AND
2 1 219 220 197 AND
1 1 221 205 INV
1 1 222 211 INV
1 1 187 214 INV
2 1 198 92 221 AND
2 1 223 87 222 AND
3 1 224 225 226 187 XOR
1 1 227 217 INV
2 1 228 229 227 AND
1 1 230 219 INV
1 1 198 223 INV
2 1 231 232 230 AND
3 1 233 234 235 198 XOR
1 1 224 228 INV
2 1 236 237 224 AND
1 1 238 231 INV
1 1 239 220 INV
2 1 240 136 238 AND
2 1 215 241 239 AND
1 1 242 236 INV
2 1 243 233 242 AND
1 1 215 240 INV
2 1 244 245 215 XOR
1 1 246 193 INV
1 1 247 229 INV
1 1 248 243 INV
1 1 249 209 INV
1 1 250 175 INV
2 1 251 252 246 AND
2 1 253 254 247 AND
2 1 255 256 248 AND
2 1 257 203 249 AND
2 1 258 169 250 AND
1 1 259 200 INV
1 1 260 162 INV
1 1 261 237 INV
1 1 262 182 INV
1 1 263 218 INV
2 1 202 264 259 AND
2 1 168 265 260 AND
2 1 234 235 261 AND
2 1 184 185 262 AND
2 1 225 226 263 AND
2 1 244 245 233 AND
1 1 202 257 INV
1 1 234 255 INV
2 1 266 84 202 AND
2 1 266 136 234 AND
2 1 266 135 244 AND
1 1 168 258 INV
1 1 184 251 INV
1 1 225 253 INV
2 1 266 44 168 AND
2 1 266 64 184 AND
2 1 266 87 225 AND
2 1 266 24 151 AND
1 1 266 267 INV
2 1 268 269 266 XOR
2 1 270 271 268 AND
3 1 272 273 24 152 XOR
1 1 274 270 INV
2 1 275 276 274 AND
2 1 277 3 269 AND
1 1 272 275 INV
2 1 278 279 272 AND
1 1 169 265 INV
3 1 280 281 282 277 XOR
3 1 283 284 44 169 XOR
1 1 285 278 INV
2 1 286 287 285 AND
1 1 288 271 INV
1 1 289 276 INV
2 1 273 22 288 AND
2 1 290 24 289 AND
1 1 283 286 INV
2 1 291 292 280 AND
2 1 293 294 283 AND
1 1 185 252 INV
1 1 273 290 INV
3 1 295 296 64 185 XOR
3 1 297 298 299 273 XOR
1 1 300 291 INV
1 1 301 293 INV
2 1 302 303 300 AND
2 1 304 305 301 AND
1 1 306 279 INV
1 1 307 287 INV
2 1 308 42 306 AND
2 1 284 44 307 AND
1 1 297 302 INV
1 1 295 304 INV
2 1 309 310 297 AND
2 1 311 312 295 AND
1 1 203 264 INV
1 1 284 308 INV
3 1 313 314 84 203 XOR
3 1 315 316 317 284 XOR
1 1 318 309 INV
1 1 319 311 INV
2 1 320 321 318 AND
2 1 322 323 319 AND
1 1 324 294 INV
1 1 325 305 INV
1 1 226 254 INV
2 1 296 62 324 AND
2 1 326 64 325 AND
3 1 327 328 87 226 XOR
1 1 315 320 INV
2 1 329 330 315 AND
1 1 296 326 INV
1 1 313 322 INV
3 1 331 332 333 296 XOR
2 1 334 335 313 AND
1 1 336 329 INV
1 1 337 334 INV
2 1 338 339 336 AND
2 1 340 341 337 AND
1 1 342 312 INV
1 1 343 323 INV
1 1 235 256 INV
2 1 344 82 342 AND
2 1 314 84 343 AND
3 1 345 346 136 235 XOR
1 1 331 338 INV
1 1 327 340 INV
2 1 347 348 331 AND
2 1 349 350 327 AND
1 1 351 335 INV
1 1 352 341 INV
1 1 314 344 INV
2 1 328 92 351 AND
2 1 353 87 352 AND
3 1 354 355 356 314 XOR
1 1 357 349 INV
2 1 358 359 357 AND
1 1 360 347 INV
1 1 328 353 INV
2 1 361 362 360 AND
3 1 363 364 365 328 XOR
1 1 354 361 INV
2 1 366 367 354 AND
1 1 368 358 INV
1 1 369 350 INV
2 1 370 136 368 AND
2 1 345 241 369 AND
1 1 371 366 INV
2 1 372 363 371 AND
1 1 345 370 INV
2 1 373 374 345 XOR
1 1 375 321 INV
1 1 376 362 INV
1 1 377 372 INV
1 1 378 303 INV
1 1 379 339 INV
2 1 380 381 375 AND
2 1 382 383 376 AND
2 1 384 385 377 AND
2 1 386 299 378 AND
2 1 387 333 379 AND
1 1 388 330 INV
1 1 389 292 INV
1 1 390 310 INV
1 1 391 367 INV
1 1 392 348 INV
2 1 332 393 388 AND
2 1 298 394 389 AND
2 1 316 317 390 AND
2 1 364 365 391 AND
2 1 355 356 392 AND
2 1 373 374 363 AND
1 1 298 386 INV
1 1 316 380 INV
1 1 332 387 INV
2 1 395 44 298 AND
2 1 395 64 316 AND
2 1 395 84 332 AND
1 1 355 382 INV
1 1 364 384 INV
2 1 395 87 355 AND
2 1 395 24 281 AND
2 1 395 136 364 AND
2 1 395 135 373 AND
1 1 395 396 INV
2 1 397 398 395 XOR
2 1 399 400 397 AND
3 1 401 402 22 282 XOR
1 1 403 399 INV
2 1 404 405 403 AND
2 1 406 3 398 AND
1 1 401 404 INV
2 1 407 408 401 AND
1 1 299 394 INV
3 1 409 410 411 406 XOR
3 1 412 413 44 299 XOR
1 1 414 407 INV
2 1 415 416 414 AND
1 1 417 400 INV
1 1 418 405 INV
2 1 419 22 417 AND
2 1 402 24 418 AND
1 1 412 415 INV
2 1 420 421 409 AND
2 1 422 423 412 AND
1 1 317 381 INV
1 1 402 419 INV
3 1 424 425 64 317 XOR
3 1 426 427 428 402 XOR
1 1 429 420 INV
1 1 430 422 INV
2 1 431 432 429 AND
2 1 433 434 430 AND
1 1 435 408 INV
1 1 436 416 INV
2 1 437 42 435 AND
2 1 413 44 436 AND
1 1 426 431 INV
1 1 424 433 INV
2 1 438 439 426 AND
2 1 440 441 424 AND
1 1 413 437 INV
1 1 333 393 INV
3 1 442 443 444 413 XOR
3 1 445 446 84 333 XOR
1 1 447 438 INV
1 1 448 440 INV
2 1 449 450 447 AND
2 1 451 452 448 AND
1 1 453 423 INV
1 1 454 434 INV
1 1 356 383 INV
2 1 425 62 453 AND
2 1 455 64 454 AND
3 1 456 457 87 356 XOR
1 1 442 449 INV
2 1 458 459 442 AND
1 1 425 455 INV
1 1 445 451 INV
3 1 460 461 462 425 XOR
2 1 463 464 445 AND
1 1 465 458 INV
1 1 466 463 INV
2 1 467 468 465 AND
2 1 469 470 466 AND
1 1 471 441 INV
1 1 472 452 INV
1 1 365 385 INV
2 1 473 82 471 AND
2 1 446 84 472 AND
3 1 474 475 136 365 XOR
1 1 460 467 INV
1 1 456 469 INV
2 1 476 477 460 AND
2 1 478 479 456 AND
1 1 480 464 INV
1 1 481 470 INV
1 1 446 473 INV
2 1 457 92 480 AND
2 1 482 87 481 AND
3 1 483 484 485 446 XOR
1 1 486 476 INV
2 1 487 488 486 AND
1 1 489 478 INV
1 1 457 482 INV
2 1 490 491 489 AND
3 1 492 493 494 457 XOR
1 1 483 487 INV
2 1 495 496 483 AND
1 1 497 490 INV
1 1 498 479 INV
2 1 499 136 497 AND
2 1 474 241 498 AND
1 1 500 495 INV
2 1 501 492 500 AND
1 1 474 499 INV
2 1 502 503 474 XOR
1 1 504 450 INV
1 1 505 488 INV
1 1 506 501 INV
1 1 507 432 INV
1 1 508 468 INV
2 1 509 510 504 AND
2 1 511 512 505 AND
2 1 513 514 506 AND
2 1 515 516 507 AND
2 1 517 462 508 AND
1 1 518 459 INV
1 1 519 439 INV
1 1 520 421 INV
1 1 521 496 INV
1 1 522 477 INV
2 1 461 523 518 AND
2 1 443 444 519 AND
2 1 427 428 520 AND
2 1 493 494 521 AND
2 1 484 485 522 AND
2 1 502 503 492 AND
1 1 443 509 INV
1 1 484 511 INV
2 1 524 64 443 AND
2 1 524 87 484 AND
2 1 524 135 502 AND
1 1 427 515 INV
1 1 461 517 INV
1 1 493 513 INV
2 1 524 44 427 AND
2 1 524 84 461 AND
2 1 524 136 493 AND
2 1 524 24 410 AND
1 1 524 525 INV
2 1 526 527 524 XOR
2 1 528 529 526 AND
3 1 530 531 24 411 XOR
1 1 532 528 INV
2 1 533 534 532 AND
2 1 535 3 527 AND
1 1 530 533 INV
2 1 536 537 530 AND
1 1 428 516 INV
3 1 538 539 540 535 XOR
3 1 541 542 44 428 XOR
1 1 543 536 INV
2 1 544 545 543 AND
1 1 546 529 INV
1 1 547 534 INV
2 1 531 22 546 AND
2 1 548 24 547 AND
1 1 541 544 INV
2 1 549 550 538 AND
2 1 551 552 541 AND
1 1 444 510 INV
1 1 531 548 INV
3 1 553 554 64 444 XOR
3 1 555 556 557 531 XOR
1 1 558 549 INV
1 1 559 551 INV
2 1 560 561 558 AND
2 1 562 563 559 AND
1 1 564 537 INV
1 1 565 545 INV
2 1 542 42 564 AND
2 1 566 44 565 AND
1 1 555 560 INV
1 1 553 562 INV
2 1 567 568 555 AND
2 1 569 570 553 AND
1 1 542 566 INV
1 1 462 523 INV
3 1 571 572 573 542 XOR
3 1 574 575 84 462 XOR
1 1 576 567 INV
1 1 577 569 INV
2 1 578 579 576 AND
2 1 580 581 577 AND
1 1 582 552 INV
1 1 583 563 INV
1 1 485 512 INV
2 1 554 62 582 AND
2 1 584 64 583 AND
3 1 585 586 87 485 XOR
1 1 571 578 INV
2 1 587 588 571 AND
1 1 554 584 INV
1 1 574 580 INV
3 1 589 590 591 554 XOR
2 1 592 593 574 AND
1 1 594 587 INV
1 1 595 592 INV
2 1 596 597 594 AND
2 1 598 599 595 AND
1 1 600 570 INV
1 1 601 581 INV
1 1 494 514 INV
2 1 602 82 600 AND
2 1 575 84 601 AND
3 1 603 604 136 494 XOR
1 1 589 596 INV
1 1 585 598 INV
2 1 605 606 589 AND
2 1 607 608 585 AND
1 1 609 593 INV
1 1 610 599 INV
1 1 575 602 INV
2 1 586 92 609 AND
2 1 611 87 610 AND
3 1 612 613 614 575 XOR
1 1 615 605 INV
2 1 616 617 615 AND
1 1 618 607 INV
1 1 586 611 INV
2 1 619 620 618 AND
3 1 621 622 623 586 XOR
1 1 612 616 INV
2 1 624 625 612 AND
1 1 626 619 INV
1 1 627 608 INV
2 1 628 136 626 AND
2 1 603 241 627 AND
1 1 629 624 INV
2 1 630 621 629 AND
1 1 603 628 INV
2 1 631 632 603 XOR
1 1 633 579 INV
1 1 634 630 INV
1 1 635 617 INV
1 1 636 561 INV
1 1 637 597 INV
2 1 638 573 633 AND
2 1 639 640 634 AND
2 1 641 642 635 AND
2 1 643 557 636 AND
2 1 644 591 637 AND
1 1 645 568 INV
1 1 646 588 INV
1 1 647 550 INV
1 1 648 625 INV
1 1 649 606 INV
2 1 572 650 645 AND
2 1 590 651 646 AND
2 1 556 652 647 AND
2 1 622 623 648 AND
2 1 613 614 649 AND
2 1 631 632 621 AND
1 1 572 638 INV
1 1 556 643 INV
2 1 653 64 572 AND
2 1 653 44 556 AND
2 1 653 24 539 AND
1 1 622 639 INV
1 1 613 641 INV
1 1 590 644 INV
2 1 653 136 622 AND
2 1 653 87 613 AND
2 1 653 84 590 AND
2 1 653 135 631 AND
1 1 653 654 INV
2 1 655 656 653 XOR
2 1 657 658 655 AND
3 1 659 660 22 540 XOR
1 1 661 657 INV
2 1 662 663 661 AND
1 1 659 662 INV
2 1 664 665 659 AND
1 1 557 652 INV
2 1 666 3 656 AND
3 1 667 668 44 557 XOR
1 1 669 664 INV
1 1 670 658 INV
2 1 671 672 669 AND
2 1 673 22 670 AND
1 1 674 666 INV
1 1 675 663 INV
3 1 676 677 678 674 AND
2 1 660 24 675 AND
1 1 667 671 INV
2 1 679 680 667 AND
1 1 573 650 INV
1 1 660 673 INV
3 1 681 682 64 573 XOR
3 1 683 684 685 660 XOR
1 1 686 679 INV
1 1 687 676 INV
2 1 688 689 686 AND
2 1 690 691 687 AND
1 1 692 665 INV
1 1 693 672 INV
2 1 694 42 692 AND
2 1 668 44 693 AND
1 1 681 688 INV
1 1 683 690 INV
2 1 695 696 681 AND
2 1 697 698 683 AND
1 1 668 694 INV
1 1 591 651 INV
3 1 699 700 701 668 XOR
3 1 702 703 84 591 XOR
1 1 704 695 INV
1 1 705 697 INV
2 1 706 707 704 AND
2 1 708 709 705 AND
1 1 710 680 INV
1 1 711 689 INV
1 1 614 642 INV
2 1 712 62 710 AND
2 1 682 64 711 AND
3 1 713 714 87 614 XOR
1 1 702 706 INV
2 1 715 716 702 AND
1 1 682 712 INV
1 1 699 708 INV
3 1 717 718 719 682 XOR
2 1 720 721 699 AND
1 1 722 720 INV
1 1 723 715 INV
2 1 724 725 722 AND
2 1 726 727 723 AND
1 1 728 696 INV
1 1 729 707 INV
1 1 623 640 INV
2 1 730 82 728 AND
2 1 703 84 729 AND
3 1 731 732 136 623 XOR
1 1 713 726 INV
1 1 717 724 INV
2 1 733 734 713 AND
2 1 735 736 717 AND
1 1 737 716 INV
1 1 738 727 INV
1 1 703 730 INV
2 1 714 92 737 AND
2 1 739 87 738 AND
3 1 740 741 742 703 XOR
1 1 743 733 INV
2 1 744 745 743 AND
1 1 746 735 INV
1 1 714 739 INV
2 1 747 748 746 AND
3 1 749 750 751 714 XOR
1 1 740 747 INV
2 1 752 753 740 AND
1 1 754 744 INV
1 1 755 734 INV
2 1 756 136 754 AND
2 1 731 241 755 AND
1 1 757 752 INV
2 1 758 749 757 AND
1 1 731 756 INV
3 1 759 760 761 677 XOR
2 1 762 763 731 XOR
1 1 764 758 INV
1 1 765 709 INV
1 1 766 725 INV
1 1 767 748 INV
1 1 768 691 INV
2 1 769 770 764 AND
2 1 771 772 765 AND
2 1 773 774 766 AND
2 1 775 776 767 AND
2 1 678 777 768 AND
1 1 778 698 INV
1 1 779 721 INV
1 1 780 736 INV
1 1 781 753 INV
2 1 700 701 778 AND
2 1 718 719 779 AND
2 1 741 742 780 AND
2 1 750 751 781 AND
2 1 762 763 749 AND
1 1 684 678 INV
1 1 750 769 INV
2 1 782 44 684 AND
2 1 782 136 750 AND
2 1 782 135 762 AND
1 1 700 771 INV
1 1 718 773 INV
1 1 741 775 INV
2 1 782 64 700 AND
2 1 782 24 759 AND
2 1 782 84 718 AND
2 1 782 87 741 AND
1 1 782 783 INV
2 1 784 785 782 XOR
2 1 786 787 784 AND
1 1 788 786 INV
2 1 789 790 788 AND
1 1 760 789 INV
3 1 791 792 793 760 AND
1 1 685 777 INV
3 1 794 795 44 685 XOR
2 1 796 792 794 AND
1 1 797 791 INV
1 1 701 772 INV
2 1 798 799 797 AND
3 1 800 801 64 701 XOR
1 1 798 796 INV
2 1 802 803 798 AND
1 1 800 802 INV
3 1 804 805 806 800 AND
1 1 719 774 INV
3 1 807 808 84 719 XOR
2 1 809 805 807 AND
1 1 810 804 INV
1 1 742 776 INV
2 1 811 812 810 AND
3 1 813 814 87 742 XOR
1 1 811 809 INV
2 1 815 816 811 AND
1 1 751 770 INV
3 1 817 818 136 751 XOR
1 1 813 815 INV
2 1 819 820 813 AND
1 1 821 819 INV
2 1 822 823 821 AND
1 1 824 822 INV
2 1 825 136 824 AND
1 1 826 820 INV
2 1 817 241 826 AND
1 1 827 761 INV
2 1 790 787 827 AND
1 1 817 825 INV
1 1 828 803 INV
1 1 829 799 INV
1 1 830 790 INV
1 1 831 812 INV
1 1 832 816 INV
2 1 833 64 828 AND
2 1 834 44 829 AND
2 1 835 24 830 AND
2 1 836 84 831 AND
2 1 837 87 832 AND
1 1 838 787 INV
1 1 839 806 INV
1 1 840 793 INV
1 1 841 792 INV
1 1 842 805 INV
2 1 843 22 838 AND
2 1 808 82 839 AND
2 1 795 42 840 AND
2 1 801 62 841 AND
2 1 814 92 842 AND
1 1 843 835 INV
1 1 801 833 INV
2 1 844 845 843 AND
2 1 844 846 801 AND
1 1 795 834 INV
1 1 808 836 INV
1 1 814 837 INV
2 1 844 847 795 AND
2 1 844 848 808 AND
3 1 844 849 850 814 AND
2 1 851 3 785 AND
2 1 852 3 844 XOR
2 1 853 24 851 XOR
2 1 853 22 852 AND
2 1 854 42 845 XOR
2 1 854 42 853 AND
2 1 855 62 847 XOR
2 1 855 62 854 AND
2 1 856 82 846 XOR
2 1 856 82 855 AND
2 1 857 92 848 XOR
2 1 857 92 856 AND
1 1 858 103 INV
1 1 859 108 INV
1 1 860 850 INV
1 1 133 112 INV
1 1 857 849 INV
2 1 861 136 858 AND
2 1 862 241 859 AND
2 1 863 136 860 AND
2 1 135 864 133 XOR
2 1 865 241 857 AND
2 1 135 866 245 XOR
2 1 135 867 632 XOR
2 1 135 868 763 XOR
2 1 135 869 374 XOR
2 1 135 870 503 XOR
1 1 604 620 INV
1 1 732 745 INV
1 1 818 823 INV
1 1 475 491 INV
2 1 871 135 604 AND
2 1 872 135 732 AND
2 1 873 135 818 AND
2 1 874 135 475 AND
1 1 861 862 INV
1 1 863 865 INV
1 1 346 359 INV
1 1 216 232 INV
2 1 875 135 861 AND
2 1 876 135 863 AND
2 1 877 135 346 AND
2 1 878 135 216 AND
1 1 866 877 INV
1 1 879 876 INV
1 1 867 872 INV
1 1 868 873 INV
1 1 24 22 INV
1 1 84 82 INV
1 1 136 241 INV
1 1 44 42 INV
1 1 880 875 INV
1 1 864 878 INV
1 1 869 874 INV
1 1 870 871 INV
1 1 87 92 INV
1 1 64 62 INV
2 1 881 879 817 XOR
2 1 844 135 881 AND
3 1 882 883 884 885 XOR
3 1 886 887 888 884 XOR
3 1 889 890 891 892 XOR
2 1 893 894 882 AND
1 1 895 893 INV
2 1 896 891 895 AND
3 1 897 898 899 888 XOR
3 1 900 901 902 891 XOR
3 1 903 904 905 906 XOR
1 1 907 894 INV
2 1 908 909 907 AND
1 1 910 896 INV
2 1 889 890 910 AND
2 1 911 912 883 AND
1 1 889 908 INV
2 1 913 914 889 AND
1 1 915 913 INV
2 1 916 904 915 AND
1 1 917 911 INV
2 1 918 901 917 AND
3 1 919 920 921 898 XOR
3 1 922 923 924 904 XOR
3 1 925 926 927 901 XOR
3 1 928 929 930 931 XOR
1 1 932 914 INV
2 1 933 934 932 AND
1 1 935 916 INV
2 1 903 905 935 AND
2 1 936 937 887 AND
1 1 890 909 INV
2 1 938 939 890 AND
1 1 903 933 INV
2 1 940 941 903 AND
1 1 942 936 INV
2 1 943 927 942 AND
1 1 944 940 INV
2 1 945 930 944 AND
1 1 946 938 INV
2 1 947 924 946 AND
3 1 948 949 950 921 XOR
3 1 951 952 953 930 XOR
3 1 954 955 956 957 XOR
3 1 958 959 960 927 XOR
3 1 961 962 963 924 XOR
1 1 964 912 INV
2 1 965 966 964 AND
1 1 967 941 INV
2 1 968 969 967 AND
1 1 970 945 INV
2 1 928 929 970 AND
1 1 971 918 INV
2 1 900 902 971 AND
2 1 972 973 899 AND
1 1 902 966 INV
2 1 974 975 902 AND
1 1 905 934 INV
2 1 976 977 905 AND
1 1 928 968 INV
2 1 978 979 928 AND
1 1 980 978 INV
2 1 981 956 980 AND
1 1 982 972 INV
2 1 983 960 982 AND
1 1 984 974 INV
2 1 985 963 984 AND
1 1 986 976 INV
2 1 987 953 986 AND
3 1 988 989 990 950 XOR
3 1 991 992 993 956 XOR
3 1 994 995 996 997 XOR
3 1 998 999 1000 960 XOR
3 1 1001 1002 1003 963 XOR
3 1 1004 1005 1006 953 XOR
1 1 1007 973 INV
2 1 1008 1009 1007 AND
1 1 1010 975 INV
2 1 1011 1012 1010 AND
1 1 1013 977 INV
2 1 1014 1015 1013 AND
1 1 1016 979 INV
2 1 1017 1018 1016 AND
1 1 1019 981 INV
2 1 954 955 1019 AND
1 1 1020 983 INV
2 1 958 959 1020 AND
1 1 1021 985 INV
2 1 961 962 1021 AND
1 1 1022 987 INV
2 1 951 952 1022 AND
2 1 1023 1024 948 AND
1 1 958 1008 INV
2 1 1025 1026 958 AND
1 1 951 1014 INV
2 1 1027 1028 951 AND
1 1 961 1011 INV
2 1 1029 1030 961 AND
1 1 954 1017 INV
2 1 1031 1032 954 AND
1 1 1033 1031 INV
2 1 1034 996 1033 AND
1 1 1035 1029 INV
2 1 1036 1006 1035 AND
1 1 1037 1023 INV
2 1 1038 1000 1037 AND
1 1 1039 1025 INV
2 1 1040 1003 1039 AND
1 1 1041 1027 INV
2 1 1042 993 1041 AND
1 1 1043 1032 INV
1 1 1044 1026 INV
1 1 1045 1028 INV
1 1 1046 1030 INV
1 1 1047 1024 INV
1 1 1048 1034 INV
1 1 1049 1036 INV
1 1 1050 1040 INV
2 1 1051 1052 1043 AND
2 1 1053 1054 1044 AND
2 1 1055 1056 1045 AND
2 1 1057 1058 1046 AND
2 1 1059 1060 1047 AND
2 1 994 995 1048 AND
2 1 1004 1005 1049 AND
2 1 1001 1002 1050 AND
1 1 1061 1038 INV
1 1 1062 1042 INV
3 1 1063 1064 1065 1066 XOR
2 1 998 999 1061 AND
2 1 991 992 1062 AND
3 1 1067 1068 1069 990 XOR
3 1 1070 1071 1072 1006 XOR
3 1 1073 1074 1075 1003 XOR
3 1 1076 1077 1078 1000 XOR
3 1 1079 1080 1081 993 XOR
3 1 1082 1083 1084 996 XOR
1 1 1004 1057 INV
2 1 1085 1086 1004 AND
2 1 1087 1088 988 AND
1 1 998 1059 INV
2 1 1089 1090 998 AND
1 1 991 1055 INV
2 1 1091 1092 991 AND
1 1 1001 1053 INV
2 1 1093 1094 1001 AND
1 1 994 1051 INV
2 1 1095 1096 994 AND
1 1 1097 1085 INV
2 1 1098 1099 1097 AND
1 1 1100 1087 INV
2 1 1101 1102 1100 AND
1 1 1103 1093 INV
2 1 1104 1105 1103 AND
1 1 1106 1089 INV
2 1 1107 1108 1106 AND
1 1 1109 1091 INV
2 1 1110 1111 1109 AND
1 1 1112 1095 INV
2 1 1113 1114 1112 AND
1 1 1115 1114 INV
1 1 1116 1111 INV
1 1 1117 1086 INV
1 1 1118 1088 INV
1 1 1119 1092 INV
1 1 1120 1102 INV
2 1 1064 1121 1115 AND
2 1 1083 1122 1116 AND
2 1 1123 1081 1117 AND
2 1 1124 1078 1118 AND
2 1 1125 1084 1119 AND
2 1 1077 1126 1120 AND
1 1 1127 1090 INV
1 1 1128 1108 INV
1 1 1129 1094 INV
1 1 1130 1105 INV
1 1 1131 1099 INV
1 1 1132 1096 INV
2 1 1133 1075 1127 AND
2 1 1074 1134 1128 AND
2 1 1135 1072 1129 AND
2 1 1071 1136 1130 AND
2 1 1080 1137 1131 AND
2 1 1138 1065 1132 AND
2 1 1139 880 1140 XOR
1 1 1075 1134 INV
2 1 1141 867 1075 XOR
1 1 1072 1136 INV
2 1 1142 870 1072 XOR
1 1 1084 1122 INV
2 1 1143 866 1084 XOR
1 1 1078 1126 INV
2 1 1144 868 1078 XOR
1 1 1081 1137 INV
2 1 1145 869 1081 XOR
1 1 1065 1121 INV
2 1 1146 864 1065 XOR
2 1 1147 879 1069 XOR
1 1 1148 939 INV
1 1 1149 937 INV
1 1 1070 1104 INV
1 1 1076 1101 INV
1 1 1082 1110 INV
2 1 1150 1151 1148 AND
2 1 1152 1153 1149 AND
2 1 1145 1154 1070 AND
2 1 1141 1155 1076 AND
2 1 1146 1156 1082 AND
1 1 1157 947 INV
1 1 1158 943 INV
1 1 1063 1113 INV
1 1 1073 1107 INV
1 1 1079 1098 INV
2 1 922 923 1157 AND
2 1 925 926 1158 AND
2 1 1144 1159 1067 AND
2 1 1139 1160 1063 AND
2 1 1142 1161 1073 AND
2 1 1143 1162 1079 AND
1 1 926 1153 INV
1 1 955 1018 INV
1 1 959 1009 INV
1 1 999 1060 INV
1 1 1083 1125 INV
1 1 925 1152 INV
1 1 1071 1135 INV
1 1 992 1056 INV
1 1 900 965 INV
1 1 995 1052 INV
1 1 962 1012 INV
2 1 267 135 1143 AND
2 1 267 44 919 AND
2 1 396 64 920 AND
2 1 654 87 989 AND
2 1 654 135 1141 AND
2 1 844 135 1147 AND
2 1 783 135 1144 AND
2 1 267 64 926 AND
2 1 4 84 955 AND
2 1 396 84 959 AND
2 1 525 87 999 AND
2 1 137 136 1083 AND
2 1 137 44 925 AND
2 1 396 136 1071 AND
2 1 137 87 992 AND
2 1 4 24 900 AND
2 1 4 87 995 AND
2 1 267 84 962 AND
1 1 923 1151 INV
1 1 1005 1058 INV
1 1 1077 1124 INV
1 1 1080 1123 INV
1 1 1002 1054 INV
1 1 952 1015 INV
1 1 1074 1133 INV
1 1 922 1150 INV
1 1 1064 1138 INV
1 1 929 969 INV
2 1 525 84 949 AND
2 1 137 135 1146 AND
2 1 525 135 1142 AND
2 1 137 24 897 AND
2 1 783 136 1068 AND
2 1 4 135 1139 AND
2 1 4 3 886 AND
2 1 396 135 1145 AND
2 1 137 64 923 AND
2 1 267 87 1005 AND
2 1 654 136 1077 AND
2 1 267 136 1080 AND
2 1 396 87 1002 AND
2 1 137 84 952 AND
2 1 525 136 1074 AND
2 1 4 44 922 AND
2 1 4 136 1064 AND
2 1 4 64 929 AND
1 1 864 1156 INV
1 1 869 1154 INV
1 1 867 1155 INV
1 1 868 1159 INV
1 1 880 1160 INV
1 1 866 1162 INV
1 1 870 1161 INV
