1254 1270
8 8 8
2 1 1 2 3 XOR
2 1 4 5 2 AND
2 1 6 7 1 XOR
1 1 8 4 INV
2 1 9 10 8 AND
1 1 11 10 INV
2 1 12 13 11 AND
2 1 14 15 6 XOR
1 1 16 12 INV
2 1 17 18 16 AND
1 1 19 5 INV
1 1 20 9 INV
2 1 21 22 19 AND
2 1 23 24 20 AND
2 1 25 26 14 AND
1 1 27 17 INV
1 1 23 21 INV
2 1 28 29 27 AND
2 1 30 31 23 XOR
1 1 32 25 INV
1 1 33 28 INV
2 1 34 35 32 AND
2 1 36 37 33 AND
1 1 38 13 INV
1 1 39 18 INV
2 1 40 41 38 AND
2 1 42 43 39 AND
1 1 30 34 INV
2 1 44 45 30 AND
1 1 46 36 INV
1 1 42 40 INV
2 1 47 48 46 AND
2 1 49 50 42 XOR
1 1 51 44 INV
1 1 52 47 INV
2 1 53 54 51 AND
2 1 55 56 52 AND
1 1 57 29 INV
1 1 58 37 INV
2 1 59 60 57 AND
2 1 61 62 58 AND
1 1 49 53 INV
2 1 63 64 49 AND
1 1 65 55 INV
1 1 61 59 INV
2 1 66 67 65 AND
2 1 68 69 61 XOR
1 1 70 63 INV
1 1 71 66 INV
2 1 72 73 70 AND
2 1 74 75 71 AND
1 1 76 48 INV
1 1 77 56 INV
2 1 78 79 76 AND
2 1 80 81 77 AND
1 1 82 74 INV
1 1 68 72 INV
2 1 83 84 82 AND
2 1 85 86 68 AND
1 1 87 67 INV
1 1 80 78 INV
2 1 88 89 87 AND
2 1 90 91 80 XOR
1 1 92 85 INV
2 1 93 94 92 AND
1 1 88 83 INV
2 1 95 96 75 XOR
2 1 97 98 88 AND
1 1 90 93 INV
2 1 99 100 90 AND
1 1 101 97 INV
2 1 102 103 101 AND
2 1 104 100 95 AND
2 1 54 45 50 AND
2 1 35 26 31 AND
2 1 94 86 91 AND
1 1 105 99 INV
2 1 106 107 102 XOR
2 1 104 96 105 AND
2 1 108 109 15 XOR
2 1 73 64 69 AND
1 1 110 73 INV
1 1 111 54 INV
1 1 112 35 INV
1 1 113 94 INV
1 1 114 104 INV
2 1 115 116 110 AND
2 1 117 118 111 AND
2 1 119 120 112 AND
2 1 121 122 113 AND
2 1 123 124 114 AND
1 1 125 64 INV
1 1 126 45 INV
1 1 127 26 INV
1 1 128 100 INV
1 1 129 86 INV
2 1 130 131 125 AND
2 1 132 133 126 AND
2 1 134 135 127 AND
2 1 136 137 128 AND
2 1 138 139 129 AND
2 1 106 140 96 AND
1 1 134 119 INV
1 1 132 117 INV
1 1 130 115 INV
2 1 141 43 134 AND
2 1 141 62 132 AND
2 1 141 81 130 AND
1 1 138 121 INV
1 1 136 123 INV
2 1 141 84 138 AND
2 1 141 142 106 AND
2 1 141 143 136 AND
2 1 141 24 108 AND
1 1 141 144 INV
2 1 145 146 141 XOR
2 1 147 148 145 AND
2 1 149 150 109 XOR
1 1 151 147 INV
2 1 152 153 151 AND
2 1 154 155 146 AND
1 1 149 152 INV
2 1 153 148 150 AND
2 1 156 157 149 AND
1 1 120 135 INV
2 1 158 159 154 XOR
2 1 160 161 120 XOR
1 1 162 156 INV
2 1 163 164 162 AND
1 1 165 148 INV
1 1 166 153 INV
2 1 167 22 165 AND
2 1 168 24 166 AND
1 1 160 163 INV
2 1 169 170 158 AND
2 1 171 172 160 AND
1 1 118 133 INV
1 1 168 167 INV
2 1 164 157 161 AND
2 1 173 174 118 XOR
2 1 175 176 168 XOR
1 1 177 171 INV
1 1 178 169 INV
2 1 179 180 177 AND
2 1 181 182 178 AND
1 1 183 157 INV
1 1 184 164 INV
2 1 185 41 183 AND
2 1 186 43 184 AND
1 1 173 179 INV
1 1 175 181 INV
2 1 187 188 173 AND
2 1 189 190 175 AND
1 1 116 131 INV
1 1 186 185 INV
2 1 180 172 174 AND
2 1 191 192 116 XOR
2 1 193 194 186 XOR
1 1 195 187 INV
1 1 196 189 INV
2 1 197 198 195 AND
2 1 199 200 196 AND
1 1 201 172 INV
1 1 202 180 INV
1 1 122 139 INV
2 1 203 60 201 AND
2 1 204 62 202 AND
2 1 205 206 122 XOR
1 1 193 199 INV
1 1 191 197 INV
2 1 207 208 193 AND
2 1 209 210 191 AND
1 1 204 203 INV
2 1 198 188 192 AND
2 1 211 212 204 XOR
1 1 213 207 INV
1 1 214 209 INV
2 1 215 216 213 AND
2 1 217 218 214 AND
2 1 218 210 205 AND
1 1 219 188 INV
1 1 220 198 INV
1 1 124 137 INV
2 1 221 79 219 AND
2 1 222 81 220 AND
2 1 223 224 124 XOR
1 1 211 215 INV
1 1 206 217 INV
2 1 225 226 211 AND
2 1 227 228 206 AND
1 1 229 218 INV
1 1 230 210 INV
1 1 222 221 INV
2 1 231 84 229 AND
2 1 232 89 230 AND
2 1 233 234 222 XOR
1 1 235 225 INV
1 1 236 227 INV
2 1 237 238 235 AND
2 1 239 240 236 AND
1 1 232 231 INV
2 1 239 228 223 AND
2 1 241 242 232 XOR
1 1 233 237 INV
2 1 243 244 233 AND
1 1 245 239 INV
1 1 246 228 INV
2 1 247 143 245 AND
2 1 248 249 246 AND
2 1 250 244 241 AND
2 1 238 226 234 AND
2 1 200 190 194 AND
2 1 216 208 212 AND
1 1 251 243 INV
1 1 248 247 INV
2 1 250 242 251 AND
2 1 252 253 248 XOR
2 1 182 170 176 AND
2 1 254 255 159 XOR
1 1 256 216 INV
1 1 257 238 INV
1 1 258 250 INV
1 1 259 200 INV
1 1 260 182 INV
2 1 261 262 256 AND
2 1 263 264 257 AND
2 1 265 266 258 AND
2 1 267 268 259 AND
2 1 269 270 260 AND
1 1 271 208 INV
1 1 272 190 INV
1 1 273 170 INV
1 1 274 244 INV
1 1 275 226 INV
2 1 276 277 271 AND
2 1 278 279 272 AND
2 1 280 281 273 AND
2 1 282 283 274 AND
2 1 284 285 275 AND
2 1 252 253 242 AND
1 1 276 261 INV
1 1 282 265 INV
2 1 286 81 276 AND
2 1 286 143 282 AND
2 1 286 142 252 AND
1 1 280 269 INV
1 1 278 267 INV
1 1 284 263 INV
2 1 286 43 280 AND
2 1 286 62 278 AND
2 1 286 84 284 AND
2 1 286 24 254 AND
1 1 286 287 INV
2 1 288 289 286 XOR
2 1 290 291 288 AND
2 1 292 293 255 XOR
1 1 294 290 INV
2 1 295 296 294 AND
2 1 297 155 289 AND
1 1 298 293 INV
1 1 292 295 INV
2 1 296 291 298 AND
2 1 299 300 292 AND
1 1 270 281 INV
2 1 301 302 297 XOR
2 1 303 304 270 XOR
1 1 305 299 INV
2 1 306 307 305 AND
1 1 308 291 INV
1 1 309 296 INV
2 1 310 22 308 AND
2 1 311 24 309 AND
1 1 303 306 INV
2 1 312 313 301 AND
2 1 314 315 303 AND
1 1 268 279 INV
1 1 311 310 INV
2 1 307 300 304 AND
2 1 316 317 268 XOR
2 1 318 319 311 XOR
1 1 320 312 INV
1 1 321 314 INV
2 1 322 323 320 AND
2 1 324 325 321 AND
1 1 326 300 INV
1 1 327 307 INV
2 1 328 41 326 AND
2 1 329 43 327 AND
1 1 318 322 INV
1 1 316 324 INV
2 1 330 331 318 AND
2 1 332 333 316 AND
1 1 262 277 INV
1 1 329 328 INV
2 1 325 315 317 AND
2 1 334 335 262 XOR
2 1 336 337 329 XOR
1 1 338 330 INV
1 1 339 332 INV
2 1 340 341 338 AND
2 1 342 343 339 AND
1 1 344 315 INV
1 1 345 325 INV
1 1 264 285 INV
2 1 346 60 344 AND
2 1 347 62 345 AND
2 1 348 349 264 XOR
1 1 336 340 INV
1 1 334 342 INV
2 1 350 351 336 AND
2 1 352 353 334 AND
1 1 347 346 INV
2 1 343 333 335 AND
2 1 354 355 347 XOR
1 1 356 350 INV
1 1 357 352 INV
2 1 358 359 356 AND
2 1 360 361 357 AND
2 1 361 353 348 AND
1 1 362 333 INV
1 1 363 343 INV
1 1 266 283 INV
2 1 364 79 362 AND
2 1 365 81 363 AND
2 1 366 367 266 XOR
1 1 354 358 INV
1 1 349 360 INV
2 1 368 369 354 AND
2 1 370 371 349 AND
1 1 372 361 INV
1 1 373 353 INV
1 1 365 364 INV
2 1 374 84 372 AND
2 1 375 89 373 AND
2 1 376 377 365 XOR
1 1 378 370 INV
1 1 379 368 INV
2 1 380 381 378 AND
2 1 382 383 379 AND
1 1 375 374 INV
2 1 380 371 366 AND
2 1 384 385 375 XOR
1 1 376 382 INV
2 1 386 387 376 AND
1 1 388 380 INV
1 1 389 371 INV
2 1 390 143 388 AND
2 1 391 249 389 AND
2 1 341 331 337 AND
2 1 323 313 319 AND
2 1 392 387 384 AND
2 1 359 351 355 AND
1 1 393 386 INV
1 1 391 390 INV
2 1 392 385 393 AND
2 1 394 395 391 XOR
2 1 383 369 377 AND
2 1 396 397 302 XOR
1 1 398 392 INV
1 1 399 359 INV
1 1 400 323 INV
1 1 401 383 INV
1 1 402 341 INV
2 1 403 404 398 AND
2 1 405 406 399 AND
2 1 407 408 400 AND
2 1 409 410 401 AND
2 1 411 412 402 AND
1 1 413 331 INV
1 1 414 351 INV
1 1 415 313 INV
1 1 416 387 INV
1 1 417 369 INV
2 1 418 419 413 AND
2 1 420 421 414 AND
2 1 422 423 415 AND
2 1 424 425 416 AND
2 1 426 427 417 AND
2 1 394 395 385 AND
1 1 422 407 INV
1 1 418 411 INV
1 1 420 405 INV
2 1 428 43 422 AND
2 1 428 62 418 AND
2 1 428 81 420 AND
1 1 426 409 INV
1 1 424 403 INV
2 1 428 84 426 AND
2 1 428 24 396 AND
2 1 428 143 424 AND
2 1 428 142 394 AND
1 1 428 429 INV
2 1 430 431 428 XOR
2 1 432 433 430 AND
2 1 434 435 397 XOR
1 1 436 432 INV
2 1 437 438 436 AND
2 1 439 155 431 AND
1 1 440 435 INV
1 1 434 437 INV
2 1 438 433 440 AND
2 1 441 442 434 AND
1 1 408 423 INV
2 1 443 444 439 XOR
2 1 445 446 408 XOR
1 1 447 441 INV
2 1 448 449 447 AND
1 1 450 433 INV
1 1 451 438 INV
2 1 452 22 450 AND
2 1 453 24 451 AND
1 1 445 448 INV
2 1 454 455 443 AND
2 1 456 457 445 AND
1 1 412 419 INV
1 1 453 452 INV
2 1 449 442 446 AND
2 1 458 459 412 XOR
2 1 460 461 453 XOR
1 1 462 454 INV
1 1 463 456 INV
2 1 464 465 462 AND
2 1 466 467 463 AND
1 1 468 442 INV
1 1 469 449 INV
2 1 470 41 468 AND
2 1 471 43 469 AND
1 1 460 464 INV
1 1 458 466 INV
2 1 472 473 460 AND
2 1 474 475 458 AND
1 1 406 421 INV
1 1 471 470 INV
2 1 467 457 459 AND
2 1 476 477 406 XOR
2 1 478 479 471 XOR
1 1 480 472 INV
1 1 481 474 INV
2 1 482 483 480 AND
2 1 484 485 481 AND
1 1 486 457 INV
1 1 487 467 INV
1 1 410 427 INV
2 1 488 60 486 AND
2 1 489 62 487 AND
2 1 490 491 410 XOR
1 1 478 482 INV
1 1 476 484 INV
2 1 492 493 478 AND
2 1 494 495 476 AND
1 1 489 488 INV
2 1 485 475 477 AND
2 1 496 497 489 XOR
1 1 498 492 INV
1 1 499 494 INV
2 1 500 501 498 AND
2 1 502 503 499 AND
2 1 503 495 490 AND
1 1 504 475 INV
1 1 505 485 INV
1 1 404 425 INV
2 1 506 79 504 AND
2 1 507 81 505 AND
2 1 508 509 404 XOR
1 1 496 500 INV
1 1 491 502 INV
2 1 510 511 496 AND
2 1 512 513 491 AND
1 1 514 503 INV
1 1 515 495 INV
1 1 507 506 INV
2 1 516 84 514 AND
2 1 517 89 515 AND
2 1 518 519 507 XOR
1 1 520 510 INV
1 1 521 512 INV
2 1 522 523 520 AND
2 1 524 525 521 AND
1 1 517 516 INV
2 1 524 513 508 AND
2 1 526 527 517 XOR
1 1 518 522 INV
2 1 528 529 518 AND
1 1 530 524 INV
1 1 531 513 INV
2 1 532 143 530 AND
2 1 533 249 531 AND
2 1 534 529 526 AND
2 1 501 493 497 AND
2 1 465 455 461 AND
2 1 523 511 519 AND
1 1 535 528 INV
1 1 533 532 INV
2 1 534 527 535 AND
2 1 536 537 444 XOR
2 1 483 473 479 AND
2 1 538 539 533 XOR
1 1 540 501 INV
1 1 541 523 INV
1 1 542 534 INV
1 1 543 483 INV
1 1 544 465 INV
2 1 545 546 540 AND
2 1 547 548 541 AND
2 1 549 550 542 AND
2 1 551 552 543 AND
2 1 553 554 544 AND
1 1 555 473 INV
1 1 556 493 INV
1 1 557 455 INV
1 1 558 529 INV
1 1 559 511 INV
2 1 560 561 555 AND
2 1 562 563 556 AND
2 1 564 565 557 AND
2 1 566 567 558 AND
2 1 568 569 559 AND
2 1 538 539 527 AND
1 1 560 551 INV
1 1 568 547 INV
2 1 570 62 560 AND
2 1 570 84 568 AND
2 1 570 142 538 AND
1 1 564 553 INV
1 1 562 545 INV
1 1 566 549 INV
2 1 570 43 564 AND
2 1 570 81 562 AND
2 1 570 143 566 AND
2 1 570 24 536 AND
1 1 570 571 INV
2 1 572 573 570 XOR
2 1 574 575 572 AND
2 1 576 577 537 XOR
1 1 578 574 INV
2 1 579 580 578 AND
2 1 581 155 573 AND
1 1 582 577 INV
1 1 576 579 INV
2 1 580 575 582 AND
2 1 583 584 576 AND
1 1 554 565 INV
2 1 585 586 581 XOR
2 1 587 588 554 XOR
1 1 589 583 INV
2 1 590 591 589 AND
1 1 592 575 INV
1 1 593 580 INV
2 1 594 22 592 AND
2 1 595 24 593 AND
1 1 587 590 INV
2 1 596 597 585 AND
2 1 598 599 587 AND
1 1 552 561 INV
1 1 595 594 INV
2 1 591 584 588 AND
2 1 600 601 552 XOR
2 1 602 603 595 XOR
1 1 604 596 INV
1 1 605 598 INV
2 1 606 607 604 AND
2 1 608 609 605 AND
1 1 610 584 INV
1 1 611 591 INV
2 1 612 41 610 AND
2 1 613 43 611 AND
1 1 602 606 INV
1 1 600 608 INV
2 1 614 615 602 AND
2 1 616 617 600 AND
1 1 546 563 INV
1 1 613 612 INV
2 1 609 599 601 AND
2 1 618 619 546 XOR
2 1 620 621 613 XOR
1 1 622 616 INV
1 1 623 614 INV
2 1 624 625 622 AND
2 1 626 627 623 AND
1 1 628 599 INV
1 1 629 609 INV
1 1 548 569 INV
2 1 630 60 628 AND
2 1 631 62 629 AND
2 1 632 633 548 XOR
1 1 620 626 INV
1 1 618 624 INV
2 1 634 635 620 AND
2 1 636 637 618 AND
1 1 631 630 INV
2 1 625 617 619 AND
2 1 638 639 631 XOR
1 1 640 634 INV
1 1 641 636 INV
2 1 642 643 640 AND
2 1 644 645 641 AND
2 1 645 637 632 AND
1 1 646 617 INV
1 1 647 625 INV
1 1 550 567 INV
2 1 648 79 646 AND
2 1 649 81 647 AND
2 1 650 651 550 XOR
1 1 638 642 INV
1 1 633 644 INV
2 1 652 653 638 AND
2 1 654 655 633 AND
1 1 656 645 INV
1 1 657 637 INV
1 1 649 648 INV
2 1 658 84 656 AND
2 1 659 89 657 AND
2 1 660 661 649 XOR
1 1 662 652 INV
1 1 663 654 INV
2 1 664 665 662 AND
2 1 666 667 663 AND
1 1 659 658 INV
2 1 666 655 650 AND
2 1 668 669 659 XOR
1 1 660 664 INV
2 1 670 671 660 AND
1 1 672 666 INV
1 1 673 655 INV
2 1 674 143 672 AND
2 1 675 249 673 AND
2 1 643 635 639 AND
2 1 607 597 603 AND
2 1 676 671 668 AND
2 1 665 653 661 AND
1 1 677 670 INV
1 1 675 674 INV
2 1 676 669 677 AND
2 1 678 679 586 XOR
2 1 627 615 621 AND
2 1 680 681 675 XOR
1 1 682 643 INV
1 1 683 607 INV
1 1 684 627 INV
1 1 685 665 INV
1 1 686 676 INV
2 1 687 688 682 AND
2 1 689 690 683 AND
2 1 691 692 684 AND
2 1 693 694 685 AND
2 1 695 696 686 AND
1 1 697 615 INV
1 1 698 635 INV
1 1 699 597 INV
1 1 700 671 INV
1 1 701 653 INV
2 1 702 703 697 AND
2 1 704 705 698 AND
2 1 706 707 699 AND
2 1 708 709 700 AND
2 1 710 711 701 AND
2 1 680 681 669 AND
1 1 702 691 INV
1 1 706 689 INV
2 1 712 62 702 AND
2 1 712 43 706 AND
2 1 712 24 678 AND
1 1 708 695 INV
1 1 710 693 INV
1 1 704 687 INV
2 1 712 143 708 AND
2 1 712 84 710 AND
2 1 712 81 704 AND
2 1 712 142 680 AND
1 1 712 713 INV
2 1 714 715 712 XOR
2 1 716 717 714 AND
2 1 718 719 679 XOR
1 1 720 716 INV
2 1 721 722 720 AND
1 1 723 719 INV
1 1 718 721 INV
2 1 722 717 723 AND
2 1 724 725 718 AND
1 1 690 707 INV
2 1 726 155 715 AND
2 1 727 728 690 XOR
1 1 729 724 INV
1 1 730 726 INV
2 1 731 732 729 AND
2 1 733 734 730 AND
1 1 735 717 INV
1 1 736 722 INV
2 1 737 22 735 AND
2 1 738 24 736 AND
1 1 727 731 INV
2 1 732 725 728 AND
2 1 739 740 727 AND
1 1 738 737 INV
1 1 692 703 INV
2 1 741 742 733 AND
2 1 743 744 738 XOR
2 1 745 746 692 XOR
1 1 747 739 INV
1 1 748 741 INV
2 1 749 750 747 AND
2 1 751 752 748 AND
1 1 753 725 INV
1 1 754 732 INV
2 1 755 41 753 AND
2 1 756 43 754 AND
1 1 745 749 INV
1 1 743 751 INV
2 1 757 758 745 AND
2 1 759 760 743 AND
1 1 688 705 INV
1 1 756 755 INV
2 1 750 740 746 AND
2 1 761 762 688 XOR
2 1 763 764 756 XOR
1 1 765 757 INV
1 1 766 759 INV
2 1 767 768 765 AND
2 1 769 770 766 AND
1 1 771 740 INV
1 1 772 750 INV
1 1 694 711 INV
2 1 773 60 771 AND
2 1 774 62 772 AND
2 1 775 776 694 XOR
1 1 761 767 INV
1 1 763 769 INV
2 1 777 778 761 AND
2 1 779 780 763 AND
1 1 774 773 INV
2 1 768 758 762 AND
2 1 781 782 774 XOR
1 1 783 779 INV
1 1 784 777 INV
2 1 785 786 783 AND
2 1 787 788 784 AND
2 1 788 778 775 AND
1 1 789 758 INV
1 1 790 768 INV
1 1 696 709 INV
2 1 791 79 789 AND
2 1 792 81 790 AND
2 1 793 794 696 XOR
1 1 776 787 INV
1 1 781 785 INV
2 1 795 796 776 AND
2 1 797 798 781 AND
1 1 799 788 INV
1 1 800 778 INV
1 1 792 791 INV
2 1 801 84 799 AND
2 1 802 89 800 AND
2 1 803 804 792 XOR
1 1 805 795 INV
1 1 806 797 INV
2 1 807 808 805 AND
2 1 809 810 806 AND
1 1 802 801 INV
2 1 807 796 793 AND
2 1 811 812 802 XOR
1 1 803 809 INV
2 1 813 814 803 AND
1 1 815 807 INV
1 1 816 796 INV
2 1 817 143 815 AND
2 1 818 249 816 AND
2 1 810 798 804 AND
2 1 752 734 744 AND
2 1 786 780 782 AND
2 1 819 814 811 AND
1 1 820 813 INV
1 1 818 817 INV
2 1 821 822 742 XOR
2 1 819 812 820 AND
2 1 823 824 818 XOR
2 1 770 760 764 AND
1 1 825 752 INV
1 1 826 786 INV
1 1 827 770 INV
1 1 828 810 INV
1 1 829 819 INV
2 1 830 831 825 AND
2 1 832 833 826 AND
2 1 834 835 827 AND
2 1 836 837 828 AND
2 1 838 839 829 AND
1 1 840 760 INV
1 1 841 780 INV
1 1 842 798 INV
1 1 843 734 INV
1 1 844 814 INV
2 1 845 846 840 AND
2 1 847 848 841 AND
2 1 849 850 842 AND
2 1 851 852 843 AND
2 1 853 854 844 AND
2 1 823 824 812 AND
1 1 847 832 INV
1 1 851 830 INV
2 1 855 81 847 AND
2 1 855 43 851 AND
2 1 855 142 823 AND
1 1 849 836 INV
1 1 845 834 INV
1 1 853 838 INV
2 1 855 84 849 AND
2 1 855 62 845 AND
2 1 855 24 821 AND
2 1 855 143 853 AND
1 1 855 856 INV
2 1 857 858 855 XOR
2 1 859 860 857 AND
2 1 861 862 822 XOR
1 1 863 859 INV
2 1 864 865 863 AND
1 1 861 864 INV
2 1 866 867 861 AND
1 1 831 852 INV
2 1 868 869 831 XOR
2 1 870 871 866 AND
2 1 872 867 868 AND
1 1 873 870 INV
1 1 835 846 INV
2 1 874 875 873 AND
2 1 876 877 835 XOR
1 1 874 872 INV
2 1 878 879 874 AND
1 1 876 878 INV
2 1 880 881 876 AND
1 1 833 848 INV
2 1 882 883 833 XOR
2 1 884 885 880 AND
2 1 886 881 882 AND
1 1 887 884 INV
1 1 837 850 INV
2 1 888 889 887 AND
2 1 890 891 837 XOR
1 1 888 886 INV
2 1 892 893 888 AND
1 1 839 854 INV
2 1 894 895 839 XOR
1 1 890 892 INV
2 1 896 897 890 AND
1 1 898 896 INV
2 1 899 900 898 AND
2 1 899 897 894 AND
1 1 901 899 INV
2 1 902 143 901 AND
1 1 903 897 INV
2 1 904 249 903 AND
2 1 875 871 869 AND
2 1 889 885 883 AND
2 1 867 879 877 AND
1 1 905 862 INV
1 1 904 902 INV
2 1 865 860 905 AND
2 1 881 893 891 AND
1 1 906 879 INV
1 1 907 889 INV
1 1 908 865 INV
1 1 909 875 INV
1 1 910 893 INV
2 1 911 62 906 AND
2 1 912 81 907 AND
2 1 913 24 908 AND
2 1 914 43 909 AND
2 1 915 84 910 AND
1 1 916 885 INV
1 1 917 860 INV
1 1 918 871 INV
1 1 919 867 INV
1 1 920 881 INV
2 1 921 79 916 AND
2 1 922 22 917 AND
2 1 923 41 918 AND
2 1 924 60 919 AND
2 1 925 89 920 AND
1 1 922 913 INV
1 1 923 914 INV
2 1 926 927 922 AND
2 1 926 928 923 AND
1 1 921 912 INV
1 1 924 911 INV
1 1 925 915 INV
2 1 926 929 921 AND
2 1 926 930 924 AND
2 1 926 931 925 AND
2 1 932 155 858 AND
2 1 933 155 926 XOR
2 1 934 24 932 XOR
2 1 934 22 933 AND
2 1 935 41 927 XOR
2 1 935 41 934 AND
2 1 936 60 928 XOR
2 1 936 60 935 AND
2 1 937 79 930 XOR
2 1 937 79 936 AND
2 1 938 89 929 XOR
2 1 938 89 937 AND
2 1 939 143 931 XOR
1 1 940 98 INV
1 1 941 103 INV
1 1 140 107 INV
2 1 942 143 940 AND
2 1 943 249 941 AND
2 1 142 944 140 XOR
2 1 945 249 938 AND
2 1 142 946 824 XOR
2 1 142 947 681 XOR
2 1 142 948 253 XOR
2 1 142 949 539 XOR
2 1 142 950 395 XOR
1 1 939 945 INV
1 1 942 943 INV
1 1 509 525 INV
1 1 224 240 INV
2 1 951 142 939 AND
2 1 952 142 942 AND
2 1 953 142 509 AND
2 1 954 142 224 AND
1 1 367 381 INV
1 1 794 808 INV
1 1 651 667 INV
1 1 895 900 INV
2 1 955 142 367 AND
2 1 956 142 794 AND
2 1 957 142 651 AND
2 1 958 142 895 AND
1 1 959 952 INV
1 1 947 956 INV
1 1 948 955 INV
1 1 960 951 INV
1 1 946 958 INV
1 1 84 89 INV
1 1 24 22 INV
1 1 944 954 INV
1 1 950 953 INV
1 1 949 957 INV
1 1 155 7 INV
1 1 62 60 INV
1 1 81 79 INV
1 1 143 249 INV
1 1 43 41 INV
2 1 961 960 904 XOR
2 1 926 142 961 AND
2 1 962 963 964 XOR
2 1 965 966 963 XOR
2 1 967 968 969 XOR
2 1 970 971 966 XOR
2 1 972 973 962 AND
2 1 974 975 968 XOR
2 1 976 977 971 XOR
1 1 978 972 INV
2 1 979 975 978 AND
2 1 980 981 975 XOR
2 1 982 983 984 XOR
2 1 985 986 977 XOR
1 1 987 973 INV
2 1 988 989 987 AND
1 1 990 979 INV
2 1 967 974 990 AND
2 1 991 992 965 AND
1 1 967 988 INV
2 1 993 994 967 AND
2 1 995 996 981 XOR
2 1 997 998 983 XOR
2 1 999 1000 986 XOR
1 1 1001 993 INV
2 1 1002 998 1001 AND
1 1 1003 991 INV
2 1 1004 996 1003 AND
2 1 1005 1006 998 XOR
2 1 1007 1008 1009 XOR
2 1 1010 1011 996 XOR
2 1 1012 1013 1000 XOR
1 1 1014 994 INV
2 1 1015 1016 1014 AND
1 1 1017 1002 INV
2 1 982 997 1017 AND
1 1 974 989 INV
2 1 1018 1019 974 AND
2 1 1020 1021 976 AND
1 1 982 1015 INV
2 1 1022 1023 982 AND
2 1 1024 1025 1006 XOR
2 1 1026 1027 1008 XOR
2 1 1028 1029 1011 XOR
2 1 1030 1031 1013 XOR
1 1 1032 1022 INV
2 1 1033 1026 1032 AND
1 1 1034 1018 INV
2 1 1035 1024 1034 AND
1 1 1036 1020 INV
2 1 1037 1028 1036 AND
2 1 1038 1039 1026 XOR
2 1 1040 1041 1042 XOR
2 1 1043 1044 1024 XOR
2 1 1045 1046 1031 XOR
2 1 1047 1048 1028 XOR
1 1 1049 992 INV
2 1 1050 1051 1049 AND
1 1 1052 1023 INV
2 1 1053 1054 1052 AND
1 1 1055 1033 INV
2 1 1007 1027 1055 AND
1 1 1056 1004 INV
2 1 980 995 1056 AND
1 1 995 1051 INV
2 1 1057 1058 995 AND
2 1 1059 1060 999 AND
1 1 997 1016 INV
2 1 1061 1062 997 AND
1 1 1007 1053 INV
2 1 1063 1064 1007 AND
2 1 1065 1066 1039 XOR
2 1 1067 1068 1041 XOR
2 1 1069 1070 1044 XOR
2 1 1071 1072 1046 XOR
2 1 1073 1074 1048 XOR
1 1 1075 1063 INV
2 1 1076 1068 1075 AND
1 1 1077 1057 INV
2 1 1078 1070 1077 AND
1 1 1079 1059 INV
2 1 1080 1074 1079 AND
1 1 1081 1061 INV
2 1 1082 1066 1081 AND
2 1 1083 1084 1068 XOR
2 1 1085 1086 1087 XOR
2 1 1088 1089 1070 XOR
2 1 1090 1091 1074 XOR
2 1 1092 1093 1066 XOR
2 1 1094 1095 1072 XOR
1 1 1096 1019 INV
2 1 1097 1098 1096 AND
1 1 1099 1021 INV
2 1 1100 1101 1099 AND
1 1 1102 1064 INV
2 1 1103 1104 1102 AND
1 1 1105 1076 INV
2 1 1040 1067 1105 AND
1 1 1106 1035 INV
2 1 1005 1025 1106 AND
1 1 1107 1037 INV
2 1 1010 1029 1107 AND
1 1 1040 1103 INV
1 1 1027 1054 INV
1 1 1029 1101 INV
1 1 1025 1098 INV
2 1 1108 1109 1045 AND
2 1 1110 1111 1040 AND
2 1 1112 1113 1027 AND
2 1 1114 1115 1029 AND
2 1 1116 1117 1025 AND
2 1 1118 1119 1084 XOR
2 1 1120 1121 1091 XOR
2 1 1122 1123 1089 XOR
2 1 1124 1125 1086 XOR
2 1 1126 1127 1093 XOR
2 1 1128 1129 1095 XOR
1 1 1130 1110 INV
2 1 1131 1125 1130 AND
1 1 1132 1114 INV
2 1 1133 1123 1132 AND
1 1 1134 1108 INV
2 1 1135 1121 1134 AND
1 1 1136 1116 INV
2 1 1137 1127 1136 AND
1 1 1138 1112 INV
2 1 1139 1119 1138 AND
1 1 1140 1111 INV
1 1 1141 1117 INV
1 1 1142 1109 INV
1 1 1143 1113 INV
1 1 1144 1115 INV
1 1 1145 1131 INV
1 1 1146 1133 INV
1 1 1147 1137 INV
2 1 1148 1149 1140 AND
2 1 1150 1151 1141 AND
2 1 1152 1153 1142 AND
2 1 1154 1155 1143 AND
2 1 1156 1157 1144 AND
2 1 1085 1124 1145 AND
2 1 1088 1122 1146 AND
2 1 1092 1126 1147 AND
1 1 1158 1139 INV
1 1 1159 1135 INV
2 1 1083 1118 1158 AND
2 1 1090 1120 1159 AND
2 1 1160 1161 1162 XOR
2 1 1163 1164 1129 XOR
2 1 1165 1166 1119 XOR
2 1 1167 1168 1127 XOR
2 1 1169 1170 1123 XOR
2 1 1171 1172 1121 XOR
2 1 1173 1174 1125 XOR
1 1 1090 1152 INV
2 1 1175 1176 1090 AND
1 1 1088 1156 INV
2 1 1177 1178 1088 AND
1 1 1092 1150 INV
2 1 1179 1180 1092 AND
2 1 1181 1182 1094 AND
1 1 1083 1154 INV
2 1 1183 1184 1083 AND
1 1 1085 1148 INV
2 1 1185 1186 1085 AND
1 1 1187 1177 INV
1 1 1188 1175 INV
1 1 1189 1179 INV
1 1 1190 1183 INV
1 1 1191 1181 INV
1 1 1192 1185 INV
2 1 1193 1194 1187 AND
2 1 1195 1196 1188 AND
2 1 1197 1198 1189 AND
2 1 1199 1200 1190 AND
2 1 1201 1202 1191 AND
2 1 1203 1204 1192 AND
2 1 1205 1206 1163 XOR
2 1 1207 1208 1171 XOR
2 1 1209 1210 1160 XOR
2 1 1211 1212 1169 XOR
2 1 1213 1214 1167 XOR
2 1 1215 1216 1165 XOR
2 1 1217 1218 1173 XOR
1 1 1219 1182 INV
1 1 1220 1176 INV
1 1 1221 1180 INV
1 1 1222 1198 INV
1 1 1223 1178 INV
1 1 1224 1194 INV
2 1 1225 1208 1219 AND
2 1 1226 1212 1220 AND
2 1 1227 1216 1221 AND
2 1 1215 1228 1222 AND
2 1 1229 1214 1223 AND
2 1 1213 1230 1224 AND
1 1 1231 1202 INV
1 1 1232 1204 INV
1 1 1233 1196 INV
1 1 1234 1186 INV
1 1 1235 1184 INV
1 1 1236 1200 INV
2 1 1207 1237 1231 AND
2 1 1209 1238 1232 AND
2 1 1211 1239 1233 AND
2 1 1240 1210 1234 AND
2 1 1241 1218 1235 AND
2 1 1217 1242 1236 AND
1 1 1208 1237 INV
2 1 1243 946 1208 XOR
1 1 1212 1239 INV
2 1 1244 947 1212 XOR
1 1 1216 1228 INV
2 1 1245 950 1216 XOR
2 1 1246 959 1247 XOR
1 1 1214 1230 INV
2 1 1248 949 1214 XOR
1 1 1218 1242 INV
2 1 1249 948 1218 XOR
1 1 1210 1238 INV
2 1 1250 944 1210 XOR
2 1 1251 960 1206 XOR
1 1 1252 1062 INV
1 1 1253 1058 INV
1 1 1254 1060 INV
1 1 1161 1203 INV
1 1 1170 1195 INV
2 1 1255 1256 1252 AND
2 1 1257 1258 1253 AND
2 1 1259 1260 1254 AND
2 1 1243 1261 1164 AND
2 1 1246 1262 1161 AND
2 1 1248 1263 1170 AND
1 1 1264 1082 INV
1 1 1265 1080 INV
1 1 1266 1078 INV
1 1 1168 1193 INV
1 1 1172 1201 INV
1 1 1174 1199 INV
1 1 1166 1197 INV
2 1 1038 1065 1264 AND
2 1 1047 1073 1265 AND
2 1 1043 1069 1266 AND
2 1 1245 1267 1168 AND
2 1 1244 1268 1172 AND
2 1 1250 1269 1174 AND
2 1 1249 1270 1166 AND
1 1 1126 1151 INV
1 1 1005 1097 INV
1 1 1215 1227 INV
1 1 1047 1259 INV
1 1 1124 1149 INV
1 1 1069 1258 INV
1 1 1209 1240 INV
1 1 1010 1100 INV
1 1 1217 1241 INV
1 1 1207 1225 INV
1 1 1065 1256 INV
1 1 1213 1229 INV
1 1 1038 1255 INV
2 1 3 142 1246 AND
2 1 571 81 1071 AND
2 1 429 62 1030 AND
2 1 926 142 1251 AND
2 1 713 84 1128 AND
2 1 287 84 1126 AND
2 1 3 43 1005 AND
2 1 287 143 1215 AND
2 1 287 62 1047 AND
2 1 3 84 1124 AND
2 1 287 81 1069 AND
2 1 3 143 1209 AND
2 1 144 43 1010 AND
2 1 144 143 1217 AND
2 1 713 143 1207 AND
2 1 144 81 1065 AND
2 1 429 143 1213 AND
2 1 3 62 1038 AND
1 1 1122 1157 INV
1 1 1120 1153 INV
1 1 1067 1104 INV
1 1 1211 1226 INV
1 1 1118 1155 INV
1 1 980 1050 INV
1 1 1073 1260 INV
1 1 1043 1257 INV
2 1 571 142 1248 AND
2 1 287 43 1012 AND
2 1 144 24 985 AND
2 1 856 142 1243 AND
2 1 856 143 1205 AND
2 1 713 142 1244 AND
2 1 287 142 1249 AND
2 1 144 142 1250 AND
2 1 3 155 970 AND
2 1 429 142 1245 AND
2 1 429 84 1122 AND
2 1 571 84 1120 AND
2 1 3 81 1067 AND
2 1 571 143 1211 AND
2 1 144 84 1118 AND
2 1 3 24 980 AND
2 1 429 81 1073 AND
2 1 144 62 1043 AND
1 1 959 1262 INV
1 1 947 1268 INV
1 1 949 1263 INV
1 1 946 1261 INV
1 1 944 1269 INV
1 1 948 1270 INV
1 1 950 1267 INV
