871 887
8 8 8
2 1 1 2 3 XOR
2 1 4 5 2 NAND
2 1 6 7 1 XOR
2 1 8 9 4 NAND
2 1 10 11 9 NAND
2 1 12 13 6 XOR
2 1 14 15 5 NAND
2 1 16 17 8 NAND
2 1 18 19 10 NAND
2 1 20 21 12 NAND
1 1 16 14 INV
2 1 22 23 19 NAND
2 1 24 25 16 XOR
2 1 24 26 20 NAND
2 1 27 28 22 NAND
2 1 29 30 11 NAND
2 1 31 32 18 NAND
2 1 33 34 24 NAND
1 1 31 29 INV
2 1 35 36 28 NAND
2 1 37 38 31 XOR
2 1 37 39 33 NAND
2 1 40 41 35 NAND
2 1 42 43 27 NAND
2 1 44 45 23 NAND
2 1 46 47 37 NAND
1 1 42 44 INV
2 1 48 49 41 NAND
2 1 50 51 42 XOR
2 1 50 52 46 NAND
2 1 53 54 48 NAND
2 1 55 56 36 NAND
2 1 57 58 40 NAND
2 1 59 60 49 NAND
2 1 61 62 53 NAND
1 1 57 55 INV
2 1 63 64 57 XOR
2 1 65 66 50 NAND
1 1 59 61 INV
2 1 67 68 59 NOR
2 1 63 69 65 NAND
2 1 70 71 54 XOR
2 1 72 73 67 NOR
2 1 74 75 63 NAND
2 1 70 76 72 NOR
2 1 70 77 74 NAND
2 1 34 39 38 NAND
2 1 75 77 71 AND
2 1 21 26 25 NAND
2 1 66 69 64 NAND
2 1 47 52 51 NAND
2 1 78 79 13 XOR
2 1 80 81 39 NAND
2 1 82 83 47 NAND
2 1 84 85 52 NAND
2 1 86 87 75 NAND
2 1 88 89 70 NOR
1 1 90 77 INV
1 1 91 34 INV
2 1 92 93 69 NAND
2 1 86 87 90 NOR
2 1 80 81 91 NOR
2 1 94 95 66 NAND
2 1 96 97 21 NAND
2 1 98 99 26 NAND
1 1 82 84 INV
2 1 100 43 80 NAND
2 1 101 56 82 NOR
2 1 101 102 86 NOR
1 1 96 98 INV
1 1 94 92 INV
2 1 101 30 96 NOR
2 1 100 17 78 NAND
2 1 101 60 94 NOR
2 1 100 103 88 NAND
1 1 101 100 INV
2 1 104 105 101 XOR
2 1 106 107 104 NOR
2 1 108 109 79 XOR
2 1 108 110 106 NOR
2 1 111 7 105 NAND
2 1 110 107 109 NOR
2 1 112 113 108 NOR
1 1 99 97 INV
2 1 114 115 111 XOR
2 1 116 117 99 XOR
2 1 116 118 112 NOR
2 1 119 17 107 NOR
2 1 120 15 110 NOR
2 1 121 122 114 NOR
2 1 123 124 116 NOR
1 1 119 120 INV
2 1 118 113 117 NOR
2 1 125 126 119 XOR
2 1 127 128 81 XOR
2 1 127 129 123 NOR
2 1 125 130 121 NOR
2 1 131 30 118 NOR
2 1 132 32 113 NOR
2 1 133 134 127 NOR
2 1 135 136 125 NOR
1 1 132 131 INV
1 1 85 83 INV
2 1 129 124 128 NOR
2 1 137 138 132 XOR
2 1 139 140 85 XOR
2 1 140 141 133 NOR
2 1 137 142 135 NOR
1 1 93 95 INV
2 1 143 45 129 NOR
2 1 144 43 124 NOR
2 1 145 146 93 XOR
2 1 147 148 140 NOR
2 1 149 150 137 NOR
1 1 144 143 INV
2 1 134 141 139 NOR
2 1 151 152 144 XOR
2 1 146 153 147 NOR
2 1 151 154 149 NOR
2 1 155 56 141 NOR
2 1 155 56 134 AND
2 1 148 153 145 NOR
2 1 156 157 87 XOR
2 1 158 159 146 NOR
2 1 160 161 151 NOR
2 1 162 62 148 NOR
2 1 163 60 153 NOR
2 1 164 165 155 XOR
2 1 166 157 158 NOR
2 1 164 167 160 NOR
1 1 168 156 INV
1 1 162 163 INV
2 1 159 166 168 NOR
2 1 169 170 162 XOR
2 1 171 172 164 NOR
2 1 173 174 159 NOR
2 1 175 102 166 NOR
1 1 176 165 INV
2 1 169 177 171 NOR
2 1 142 136 138 NOR
2 1 167 161 176 NOR
2 1 177 172 170 NOR
1 1 173 175 INV
2 1 178 179 173 XOR
2 1 130 122 126 NOR
2 1 154 150 152 NOR
2 1 180 181 115 XOR
2 1 182 183 172 NOR
2 1 184 185 150 NOR
2 1 186 187 167 NOR
2 1 188 189 177 NOR
2 1 190 179 169 NAND
2 1 184 185 154 AND
2 1 186 187 161 AND
2 1 191 192 136 NOR
2 1 193 194 142 NOR
2 1 195 196 122 NOR
2 1 197 198 130 NOR
1 1 188 182 INV
2 1 199 58 184 NAND
2 1 200 102 188 NOR
2 1 200 60 186 NOR
1 1 197 195 INV
1 1 193 191 INV
1 1 178 190 INV
2 1 200 30 197 NOR
2 1 199 17 180 NAND
2 1 200 45 193 NOR
2 1 199 103 178 NAND
1 1 200 199 INV
2 1 201 202 200 XOR
2 1 203 204 201 NOR
2 1 205 206 181 XOR
2 1 206 207 203 NOR
2 1 208 7 202 NAND
2 1 207 204 205 NOR
2 1 209 210 206 NOR
1 1 196 198 INV
2 1 211 212 208 XOR
2 1 213 214 196 XOR
2 1 213 215 209 NOR
2 1 216 17 204 NOR
2 1 217 15 207 NOR
2 1 218 219 211 NOR
2 1 220 221 213 NOR
1 1 192 194 INV
1 1 216 217 INV
2 1 215 210 214 NOR
2 1 222 223 192 XOR
2 1 224 225 216 XOR
2 1 222 226 220 NOR
2 1 224 227 218 NOR
2 1 228 30 215 NOR
2 1 229 32 210 NOR
2 1 230 231 222 NOR
2 1 232 233 224 NOR
1 1 229 228 INV
2 1 221 226 223 NOR
2 1 234 235 185 XOR
2 1 236 237 229 XOR
2 1 235 238 230 NOR
2 1 236 239 232 NOR
2 1 240 43 221 NOR
2 1 241 45 226 NOR
2 1 242 243 187 XOR
2 1 244 245 235 NOR
2 1 246 247 236 NOR
1 1 240 241 INV
2 1 238 231 234 NOR
2 1 248 249 240 XOR
2 1 242 250 244 NOR
2 1 248 251 246 NOR
2 1 252 58 231 NOR
1 1 253 243 INV
1 1 183 189 INV
2 1 250 245 253 NOR
2 1 252 58 238 AND
2 1 254 255 183 XOR
2 1 256 257 242 NOR
2 1 258 259 248 NOR
2 1 260 60 250 NOR
2 1 261 62 245 NOR
2 1 262 263 252 XOR
2 1 264 255 256 NOR
2 1 262 265 258 NOR
1 1 261 260 INV
2 1 257 264 254 NOR
2 1 266 267 261 XOR
2 1 268 269 262 NOR
2 1 270 102 264 NOR
2 1 271 174 257 NOR
2 1 266 272 268 NOR
2 1 272 269 267 NOR
2 1 239 233 237 NOR
2 1 251 247 249 NOR
1 1 271 270 INV
2 1 273 274 271 XOR
2 1 227 219 225 NOR
2 1 265 259 263 NOR
2 1 275 276 212 XOR
2 1 277 278 251 NOR
2 1 279 280 233 NOR
2 1 281 282 272 NOR
2 1 283 284 269 NOR
2 1 285 274 266 NAND
2 1 286 287 265 NOR
2 1 277 278 247 AND
2 1 279 280 239 AND
2 1 288 289 259 NOR
2 1 290 291 227 NOR
2 1 292 293 219 NOR
1 1 281 283 INV
2 1 294 43 279 NAND
2 1 295 56 277 NOR
2 1 295 102 281 NOR
1 1 290 292 INV
1 1 286 288 INV
1 1 273 285 INV
2 1 295 30 290 NOR
2 1 294 17 275 NAND
2 1 295 60 286 NOR
2 1 294 103 273 NAND
1 1 295 294 INV
2 1 296 297 295 XOR
2 1 298 299 296 NOR
2 1 300 301 276 XOR
2 1 300 302 298 NOR
2 1 303 7 297 NAND
2 1 302 299 301 NOR
2 1 304 305 300 NOR
1 1 293 291 INV
2 1 306 307 303 XOR
2 1 308 309 293 XOR
2 1 308 310 304 NOR
2 1 311 17 299 NOR
2 1 312 15 302 NOR
2 1 313 314 306 NOR
2 1 315 316 308 NOR
1 1 311 312 INV
2 1 310 305 309 NOR
2 1 317 318 311 XOR
2 1 319 320 280 XOR
2 1 319 321 315 NOR
2 1 317 322 313 NOR
2 1 323 32 305 NOR
2 1 324 30 310 NOR
2 1 325 326 319 NOR
2 1 327 328 317 NOR
1 1 323 324 INV
2 1 321 316 320 NOR
2 1 329 330 323 XOR
2 1 331 332 278 XOR
2 1 331 333 325 NOR
2 1 329 334 327 NOR
1 1 289 287 INV
2 1 335 45 321 NOR
2 1 336 43 316 NOR
2 1 337 338 289 XOR
2 1 339 340 331 NOR
2 1 341 342 329 NOR
1 1 343 332 INV
1 1 336 335 INV
2 1 326 333 343 NOR
2 1 344 345 336 XOR
2 1 338 346 339 NOR
2 1 344 347 341 NOR
2 1 348 56 333 NOR
1 1 284 282 INV
2 1 348 56 326 AND
2 1 346 340 337 NOR
2 1 349 350 284 XOR
2 1 351 352 338 NOR
2 1 353 354 344 NOR
2 1 355 62 340 NOR
2 1 356 60 346 NOR
2 1 357 358 348 XOR
2 1 359 350 351 NOR
2 1 357 360 353 NOR
1 1 355 356 INV
2 1 352 359 349 NOR
2 1 361 362 355 XOR
2 1 363 364 357 NOR
2 1 365 174 352 NOR
2 1 366 102 359 NOR
1 1 367 358 INV
2 1 361 368 363 NOR
2 1 342 347 345 NOR
2 1 364 368 362 NOR
2 1 360 354 367 NOR
1 1 365 366 INV
2 1 369 370 365 XOR
2 1 314 322 318 NOR
2 1 328 334 330 NOR
2 1 371 372 307 XOR
2 1 373 374 368 NOR
2 1 375 376 328 NOR
2 1 377 378 360 NOR
2 1 379 380 364 NOR
2 1 381 370 361 NAND
2 1 377 378 354 AND
2 1 382 383 347 NOR
2 1 384 385 342 NOR
2 1 375 376 334 AND
2 1 386 387 314 NOR
2 1 388 389 322 NOR
1 1 373 379 INV
2 1 390 102 373 NOR
2 1 390 60 377 NOR
2 1 391 43 375 NAND
1 1 388 386 INV
1 1 382 384 INV
1 1 369 381 INV
2 1 390 30 388 NOR
2 1 391 17 371 NAND
2 1 390 56 382 NOR
2 1 391 103 369 NAND
1 1 390 391 INV
2 1 392 393 390 XOR
2 1 394 395 392 NOR
2 1 396 397 372 XOR
2 1 396 398 394 NOR
2 1 399 7 393 NAND
2 1 398 395 397 NOR
2 1 400 401 396 NOR
1 1 387 389 INV
2 1 402 403 399 XOR
2 1 404 405 387 XOR
2 1 404 406 400 NOR
2 1 407 17 395 NOR
2 1 408 15 398 NOR
2 1 409 410 402 NOR
2 1 411 412 404 NOR
1 1 407 408 INV
2 1 406 401 405 NOR
2 1 413 414 407 XOR
2 1 415 416 376 XOR
2 1 415 417 411 NOR
2 1 413 418 409 NOR
2 1 419 32 401 NOR
2 1 420 30 406 NOR
2 1 421 422 415 NOR
2 1 423 424 413 NOR
1 1 419 420 INV
1 1 385 383 INV
2 1 417 412 416 NOR
2 1 425 426 419 XOR
2 1 427 428 385 XOR
2 1 428 429 421 NOR
2 1 425 430 423 NOR
2 1 431 43 412 NOR
2 1 432 45 417 NOR
2 1 433 434 378 XOR
2 1 435 436 428 NOR
2 1 437 438 425 NOR
1 1 431 432 INV
2 1 422 429 427 NOR
2 1 439 440 431 XOR
2 1 433 441 435 NOR
2 1 439 442 437 NOR
1 1 380 374 INV
2 1 443 56 429 NOR
2 1 444 58 422 NOR
2 1 445 446 380 XOR
2 1 447 448 433 NOR
2 1 449 450 439 NOR
1 1 444 443 INV
2 1 451 62 436 NOR
2 1 452 60 441 NOR
2 1 453 454 444 XOR
2 1 455 446 447 NOR
2 1 453 456 449 NOR
1 1 451 452 INV
2 1 448 455 445 NOR
2 1 457 458 451 XOR
2 1 459 460 453 NOR
2 1 461 174 448 NOR
2 1 462 102 455 NOR
2 1 457 463 459 NOR
2 1 410 418 414 NOR
2 1 430 424 426 NOR
2 1 456 450 454 NOR
1 1 462 461 INV
2 1 464 465 403 XOR
2 1 460 463 458 NOR
2 1 438 442 440 NOR
2 1 466 467 462 XOR
2 1 468 469 410 NOR
2 1 470 471 418 NOR
2 1 472 473 430 NOR
2 1 474 475 424 NOR
2 1 466 467 457 NAND
2 1 476 477 438 NOR
2 1 478 479 450 NOR
2 1 480 481 456 NOR
2 1 482 483 460 NOR
2 1 484 485 463 NOR
2 1 486 487 442 NOR
1 1 472 474 INV
1 1 470 468 INV
2 1 488 45 472 NOR
2 1 488 30 470 NOR
2 1 488 15 464 NOR
1 1 484 482 INV
1 1 480 478 INV
1 1 486 476 INV
2 1 488 102 484 NOR
2 1 488 60 480 NOR
2 1 488 56 486 NOR
2 1 488 489 466 NOR
2 1 490 491 488 XOR
2 1 492 493 490 NOR
2 1 494 495 465 XOR
2 1 494 496 492 NOR
2 1 497 7 491 NAND
2 1 498 499 494 NOR
1 1 500 495 INV
1 1 469 471 INV
2 1 496 493 500 NOR
2 1 501 502 469 XOR
2 1 502 503 498 NOR
2 1 504 505 497 NAND
2 1 506 17 493 NOR
2 1 507 15 496 NOR
2 1 508 509 504 NOR
2 1 510 511 502 NOR
1 1 506 507 INV
1 1 475 473 INV
2 1 503 499 501 NOR
2 1 512 513 506 XOR
2 1 514 515 475 XOR
2 1 515 516 510 NOR
2 1 512 517 508 NOR
2 1 518 30 503 NOR
2 1 519 32 499 NOR
2 1 520 521 515 NOR
2 1 522 523 512 NOR
1 1 519 518 INV
1 1 477 487 INV
2 1 516 511 514 NOR
2 1 524 525 519 XOR
2 1 526 527 477 XOR
2 1 527 528 520 NOR
2 1 524 529 522 NOR
1 1 479 481 INV
2 1 530 43 511 NOR
2 1 531 45 516 NOR
2 1 532 533 479 XOR
2 1 534 535 527 NOR
2 1 536 537 524 NOR
1 1 530 531 INV
2 1 521 528 526 NOR
2 1 538 539 530 XOR
2 1 532 540 534 NOR
2 1 538 541 536 NOR
2 1 542 58 521 NOR
1 1 483 485 INV
2 1 542 58 528 AND
2 1 540 535 533 NOR
2 1 543 544 483 XOR
2 1 545 546 532 NOR
2 1 547 548 538 NOR
2 1 549 62 535 NOR
2 1 550 60 540 NOR
2 1 551 552 542 XOR
2 1 553 544 545 NOR
2 1 551 554 547 NOR
1 1 549 550 INV
2 1 546 553 543 NOR
2 1 555 556 549 XOR
2 1 557 558 551 NOR
2 1 559 174 546 NOR
2 1 560 102 553 NOR
2 1 555 561 557 NOR
2 1 537 541 539 NOR
2 1 523 529 525 NOR
2 1 558 561 556 NOR
1 1 559 560 INV
2 1 562 563 509 XOR
2 1 564 517 513 NOR
2 1 548 554 552 NOR
2 1 565 566 559 XOR
2 1 567 568 523 NOR
2 1 569 570 561 NOR
2 1 571 572 529 NOR
2 1 573 574 541 NOR
2 1 575 566 555 NAND
1 1 564 505 INV
2 1 576 577 554 NOR
2 1 578 579 548 NOR
2 1 573 574 537 AND
2 1 569 570 558 AND
2 1 580 581 564 NOR
2 1 582 583 517 NOR
1 1 571 567 INV
2 1 584 56 573 NOR
2 1 584 102 569 NOR
2 1 584 45 571 NOR
1 1 582 580 INV
1 1 576 578 INV
1 1 575 565 INV
2 1 584 30 582 NOR
2 1 584 60 576 NOR
2 1 585 17 562 NAND
2 1 584 489 575 NOR
1 1 584 585 INV
2 1 586 587 584 XOR
2 1 588 589 586 NOR
2 1 590 591 563 XOR
2 1 590 592 588 NOR
2 1 593 594 590 NOR
1 1 581 583 INV
2 1 595 596 581 XOR
2 1 597 598 593 NAND
2 1 599 594 595 NOR
1 1 568 572 INV
2 1 599 600 597 NAND
2 1 601 602 568 XOR
2 1 601 603 599 NOR
2 1 604 605 601 NOR
2 1 606 607 574 XOR
2 1 608 609 604 NAND
2 1 610 605 606 NOR
1 1 579 577 INV
2 1 610 611 608 NAND
2 1 612 613 579 XOR
2 1 612 614 610 NOR
2 1 615 616 570 XOR
2 1 617 618 612 NOR
2 1 619 616 617 NOR
1 1 620 615 INV
2 1 618 619 620 NOR
2 1 621 102 619 NOR
2 1 621 102 618 AND
1 1 622 591 INV
2 1 605 614 613 NOR
2 1 609 611 607 NAND
2 1 589 592 622 NOR
2 1 594 603 602 NOR
2 1 598 600 596 AND
2 1 623 624 621 XOR
2 1 625 58 611 NAND
2 1 626 60 614 NOR
2 1 627 15 592 NOR
2 1 628 56 609 NAND
2 1 629 62 605 NOR
2 1 630 30 598 NAND
2 1 631 32 600 NAND
2 1 627 15 589 AND
2 1 632 45 603 NOR
2 1 633 43 594 NOR
1 1 629 626 INV
1 1 625 628 INV
2 1 634 635 629 NAND
2 1 634 636 625 NAND
2 1 637 103 623 NAND
1 1 630 631 INV
1 1 633 632 INV
2 1 637 638 627 NOR
2 1 637 639 630 NOR
2 1 634 640 633 NAND
2 1 641 7 587 NAND
1 1 637 634 INV
2 1 642 7 637 XOR
2 1 642 643 641 NAND
2 1 644 15 642 NAND
2 1 645 17 643 NAND
2 1 646 30 638 XOR
1 1 644 645 INV
2 1 646 32 644 NOR
2 1 646 647 639 NAND
2 1 648 649 640 NOR
2 1 650 43 647 NAND
2 1 648 45 646 NAND
2 1 651 652 636 NOR
1 1 650 648 INV
2 1 651 56 649 NOR
2 1 651 56 650 NAND
2 1 653 654 635 NOR
2 1 653 60 652 NOR
2 1 653 60 651 AND
2 1 655 174 68 AND
2 1 655 174 73 NOR
2 1 656 174 654 AND
2 1 157 657 89 NOR
2 1 656 174 653 NOR
2 1 489 658 624 XOR
2 1 103 659 274 XOR
2 1 103 660 566 XOR
2 1 103 661 370 XOR
2 1 103 662 179 XOR
2 1 103 663 467 XOR
2 1 489 663 544 NOR
2 1 489 660 616 NOR
2 1 489 659 350 NOR
2 1 489 664 157 NOR
2 1 489 664 657 AND
2 1 489 665 655 NOR
2 1 489 658 656 NOR
2 1 489 662 255 NOR
2 1 489 661 446 NOR
1 1 174 102 INV
1 1 62 60 INV
1 1 58 56 INV
1 1 43 45 INV
1 1 17 15 INV
1 1 32 30 INV
1 1 103 489 INV
2 1 88 89 76 AND
1 1 666 434 INV
2 1 441 436 666 NOR
2 1 667 668 669 XOR
2 1 670 671 668 XOR
2 1 672 673 674 XOR
2 1 675 676 671 XOR
2 1 677 678 667 NOR
2 1 679 680 673 XOR
2 1 681 682 676 XOR
2 1 683 680 677 AND
2 1 672 679 678 NOR
2 1 672 679 683 NAND
2 1 684 685 686 XOR
2 1 687 688 680 XOR
2 1 689 690 682 XOR
2 1 691 692 672 NOR
2 1 684 693 691 NOR
2 1 694 695 670 NOR
2 1 696 697 688 XOR
2 1 698 699 690 XOR
2 1 700 701 685 XOR
2 1 702 703 694 NOR
2 1 700 704 692 NOR
2 1 700 704 693 AND
2 1 705 706 707 XOR
1 1 704 701 INV
2 1 708 709 704 XOR
1 1 697 703 INV
2 1 710 711 697 XOR
2 1 712 713 699 XOR
2 1 714 715 679 NOR
2 1 716 717 681 NOR
2 1 718 719 684 NOR
2 1 720 721 709 XOR
2 1 722 723 711 XOR
2 1 724 725 713 XOR
2 1 726 727 706 XOR
2 1 728 720 714 NOR
2 1 729 723 716 NOR
2 1 730 726 718 NOR
2 1 731 727 719 NOR
2 1 731 727 730 AND
2 1 732 733 725 XOR
2 1 734 735 726 XOR
2 1 736 737 723 XOR
2 1 738 739 720 XOR
2 1 740 741 742 XOR
2 1 687 696 702 NOR
1 1 731 705 INV
2 1 743 744 731 NOR
2 1 687 696 695 AND
2 1 745 746 700 NOR
2 1 740 747 743 NOR
2 1 748 749 696 NAND
2 1 750 751 698 NAND
2 1 752 753 733 XOR
2 1 754 755 735 XOR
2 1 756 757 737 XOR
2 1 758 759 739 XOR
2 1 760 761 741 XOR
2 1 762 755 745 NOR
2 1 763 761 744 NOR
2 1 763 761 747 AND
2 1 764 758 748 NAND
2 1 765 756 750 NAND
2 1 766 767 753 XOR
2 1 768 769 761 XOR
2 1 770 771 772 XOR
2 1 773 774 755 XOR
2 1 775 776 756 XOR
2 1 777 778 758 XOR
2 1 779 780 740 NOR
2 1 781 782 727 NOR
2 1 708 721 728 NOR
2 1 708 721 715 AND
2 1 783 722 717 NOR
2 1 783 722 729 AND
2 1 768 784 781 NOR
2 1 770 785 779 NOR
2 1 786 787 724 NAND
2 1 788 789 722 NOR
2 1 790 791 721 NAND
2 1 792 793 769 XOR
2 1 794 795 771 XOR
2 1 796 797 774 XOR
2 1 798 799 776 XOR
2 1 800 801 778 XOR
2 1 802 803 767 XOR
2 1 804 799 786 NAND
2 1 794 805 785 NOR
2 1 806 807 788 NOR
2 1 792 793 784 NOR
2 1 794 805 780 AND
2 1 792 793 782 AND
2 1 808 797 790 NAND
2 1 738 809 749 NAND
2 1 810 759 764 NAND
2 1 811 796 791 NAND
2 1 773 812 808 NAND
2 1 736 813 751 NAND
2 1 814 757 765 NAND
1 1 801 807 INV
1 1 805 795 INV
2 1 815 816 817 XOR
2 1 818 819 803 XOR
2 1 820 821 799 XOR
2 1 822 823 801 XOR
2 1 824 825 797 XOR
2 1 826 827 793 XOR
2 1 828 829 805 XOR
2 1 830 831 770 NOR
1 1 759 809 INV
2 1 832 833 759 NOR
1 1 757 813 INV
2 1 834 835 757 NOR
2 1 836 837 766 NOR
2 1 838 839 768 NOR
1 1 773 811 INV
2 1 840 841 773 NOR
2 1 815 842 830 NOR
2 1 821 843 836 NOR
2 1 828 844 838 NOR
2 1 822 845 834 NOR
2 1 826 846 840 NOR
2 1 824 847 832 NOR
2 1 848 849 816 XOR
2 1 850 851 827 XOR
2 1 852 853 825 XOR
2 1 854 855 823 XOR
2 1 856 857 820 XOR
2 1 858 859 829 XOR
2 1 860 861 819 XOR
2 1 850 862 846 NOR
2 1 863 849 831 NOR
2 1 856 864 843 NOR
2 1 865 851 841 NOR
2 1 858 866 844 NOR
2 1 854 867 845 NOR
2 1 856 864 837 AND
2 1 868 853 833 NOR
2 1 858 866 839 AND
2 1 852 869 847 NOR
2 1 863 849 842 AND
2 1 854 867 835 AND
2 1 828 870 849 NOR
1 1 855 867 INV
2 1 821 871 855 NOR
1 1 859 866 INV
2 1 826 872 859 NOR
1 1 851 862 INV
2 1 824 873 851 NOR
1 1 857 864 INV
2 1 818 874 857 NOR
1 1 853 869 INV
2 1 822 875 853 NOR
2 1 876 877 878 NAND
2 1 879 658 861 XOR
1 1 880 804 INV
1 1 815 876 INV
2 1 734 754 762 NOR
2 1 777 800 806 NOR
2 1 775 798 880 NOR
2 1 881 660 818 NOR
2 1 882 661 822 NOR
2 1 883 662 826 NOR
2 1 884 663 821 NOR
2 1 885 659 824 NOR
2 1 886 665 815 NOR
2 1 887 664 828 NOR
2 1 885 659 873 AND
2 1 883 662 872 AND
2 1 881 660 874 AND
2 1 884 663 871 AND
2 1 882 661 875 AND
2 1 775 798 787 NAND
2 1 886 665 877 NAND
2 1 734 754 746 AND
2 1 777 800 789 AND
2 1 887 664 870 AND
1 1 760 763 INV
1 1 850 865 INV
1 1 848 863 INV
1 1 852 868 INV
1 1 738 810 INV
2 1 390 58 752 NAND
2 1 3 7 675 NAND
2 1 200 32 712 NAND
2 1 488 103 884 NAND
2 1 200 103 883 NAND
2 1 390 103 882 NAND
2 1 584 174 860 NAND
2 1 488 174 856 NAND
2 1 3 32 708 NAND
2 1 101 62 792 NAND
2 1 3 58 760 NAND
2 1 200 174 850 NAND
2 1 3 62 794 NAND
2 1 390 62 798 NAND
2 1 3 174 848 NAND
2 1 295 174 852 NAND
2 1 3 43 734 NAND
2 1 101 43 738 NAND
1 1 710 783 INV
1 1 736 814 INV
1 1 796 812 INV
2 1 3 103 886 NAND
2 1 295 103 885 NAND
2 1 634 103 879 NAND
2 1 584 103 881 NAND
2 1 295 43 732 NAND
2 1 488 62 802 NAND
2 1 101 17 689 NAND
2 1 101 103 887 NAND
2 1 295 62 800 NAND
2 1 200 58 777 NAND
2 1 101 58 754 NAND
2 1 101 32 710 NAND
2 1 295 58 775 NAND
2 1 390 174 854 NAND
2 1 200 43 736 NAND
2 1 101 174 858 NAND
2 1 3 17 687 NAND
2 1 200 62 796 NAND
