825 841
8 8 8
3 1 1 2 3 4 XOR
2 1 5 6 1 NAND
2 1 7 8 5 NAND
2 1 9 10 8 NAND
3 1 11 12 13 2 XOR
2 1 14 15 6 NAND
2 1 16 17 7 NAND
2 1 18 19 9 NAND
2 1 20 21 11 NAND
1 1 16 14 INV
2 1 22 23 19 NAND
2 1 24 25 16 XOR
2 1 24 26 20 NAND
2 1 27 28 22 NAND
2 1 29 30 10 NAND
2 1 31 32 18 NAND
2 1 33 34 24 NAND
1 1 31 29 INV
2 1 35 36 28 NAND
2 1 37 38 31 XOR
2 1 37 39 33 NAND
2 1 40 41 35 NAND
2 1 42 43 27 NAND
2 1 44 45 23 NAND
2 1 46 47 37 NAND
1 1 42 44 INV
2 1 48 49 41 NAND
2 1 50 51 42 XOR
2 1 50 52 46 NAND
2 1 53 54 49 NAND
2 1 55 56 36 NAND
2 1 57 58 40 NAND
2 1 59 60 48 NAND
2 1 61 62 53 NAND
1 1 57 55 INV
2 1 63 64 57 XOR
2 1 65 66 50 NAND
1 1 59 61 INV
2 1 67 68 59 NOR
2 1 63 69 65 NAND
2 1 70 71 54 XOR
2 1 72 73 67 NOR
2 1 74 75 63 NAND
2 1 70 76 74 NAND
2 1 70 77 72 NOR
2 1 34 39 38 NAND
2 1 66 69 64 NAND
2 1 47 52 51 NAND
2 1 75 76 71 AND
2 1 21 26 25 NAND
2 1 78 79 39 NAND
2 1 80 81 47 NAND
2 1 82 83 52 NAND
2 1 84 85 75 NAND
2 1 86 87 70 NOR
1 1 88 76 INV
1 1 89 34 INV
2 1 90 91 69 NAND
2 1 84 85 88 NOR
2 1 78 79 89 NOR
2 1 92 93 66 NAND
2 1 94 95 21 NAND
2 1 96 97 26 NAND
1 1 80 82 INV
2 1 98 43 78 NAND
2 1 99 56 80 NOR
2 1 99 100 84 NOR
1 1 94 96 INV
1 1 92 90 INV
2 1 99 30 94 NOR
2 1 98 17 12 NAND
2 1 99 60 92 NOR
2 1 98 101 86 NAND
1 1 99 98 INV
2 1 102 103 99 XOR
2 1 104 105 102 NOR
2 1 106 107 13 XOR
2 1 106 108 104 NOR
2 1 109 110 106 NOR
1 1 97 95 INV
2 1 108 105 107 NOR
2 1 111 112 97 XOR
2 1 111 113 109 NOR
2 1 114 15 108 NOR
2 1 115 17 105 NOR
2 1 116 117 118 NAND
2 1 119 120 111 NOR
1 1 115 114 INV
2 1 113 110 112 NOR
2 1 121 122 115 XOR
2 1 123 124 79 XOR
2 1 123 125 119 NOR
2 1 126 127 116 NAND
2 1 128 30 113 NOR
2 1 129 32 110 NOR
1 1 121 126 INV
2 1 130 131 123 NOR
2 1 132 133 121 NOR
1 1 129 128 INV
1 1 83 81 INV
2 1 125 120 124 NOR
2 1 134 135 129 XOR
2 1 136 137 83 XOR
2 1 137 138 130 NOR
2 1 134 139 132 NOR
1 1 91 93 INV
2 1 140 45 125 NOR
2 1 141 43 120 NOR
2 1 142 143 91 XOR
2 1 144 145 137 NOR
2 1 146 147 134 NOR
1 1 141 140 INV
2 1 131 138 136 NOR
2 1 148 149 141 XOR
2 1 143 150 144 NOR
2 1 148 151 146 NOR
2 1 152 56 138 NOR
2 1 152 56 131 AND
2 1 145 150 142 NOR
2 1 153 154 85 XOR
2 1 155 156 143 NOR
2 1 157 158 148 NOR
2 1 159 62 145 NOR
2 1 160 60 150 NOR
2 1 161 162 152 XOR
2 1 163 154 155 NOR
2 1 161 164 157 NOR
1 1 165 153 INV
1 1 159 160 INV
2 1 156 163 165 NOR
2 1 166 167 159 XOR
2 1 168 169 161 NOR
2 1 170 171 156 NOR
2 1 172 100 163 NOR
1 1 173 162 INV
2 1 166 174 168 NOR
2 1 139 133 135 NOR
2 1 164 158 173 NOR
2 1 174 169 167 NOR
1 1 170 172 INV
2 1 175 176 170 XOR
2 1 117 127 122 AND
2 1 151 147 149 NOR
2 1 177 178 169 NOR
2 1 179 180 147 NOR
2 1 181 182 164 NOR
2 1 183 184 174 NOR
2 1 185 176 166 NAND
2 1 179 180 151 AND
2 1 181 182 158 AND
2 1 186 187 133 NOR
2 1 188 189 139 NOR
2 1 190 191 117 NAND
2 1 192 193 127 NAND
1 1 183 177 INV
2 1 194 58 179 NAND
2 1 195 100 183 NOR
2 1 195 60 181 NOR
1 1 190 192 INV
1 1 188 186 INV
1 1 175 185 INV
2 1 195 30 190 NOR
2 1 195 45 188 NOR
2 1 194 101 175 NAND
1 1 195 194 INV
2 1 196 197 195 XOR
2 1 198 199 196 NOR
2 1 200 201 198 NOR
2 1 202 203 200 NOR
1 1 193 191 INV
2 1 201 199 204 NOR
2 1 205 206 193 XOR
2 1 205 207 202 NOR
2 1 208 15 201 NOR
2 1 209 17 199 NOR
2 1 210 211 212 NAND
2 1 213 214 205 NOR
1 1 187 189 INV
1 1 209 208 INV
2 1 207 203 206 NOR
2 1 215 216 187 XOR
2 1 217 218 209 XOR
2 1 215 219 213 NOR
2 1 220 221 210 NAND
2 1 222 30 207 NOR
2 1 223 32 203 NOR
1 1 217 220 INV
2 1 224 225 215 NOR
2 1 226 227 217 NOR
1 1 223 222 INV
2 1 214 219 216 NOR
2 1 228 229 180 XOR
2 1 230 231 223 XOR
2 1 229 232 224 NOR
2 1 230 233 226 NOR
2 1 234 43 214 NOR
2 1 235 45 219 NOR
2 1 236 237 182 XOR
2 1 238 239 229 NOR
2 1 240 241 230 NOR
1 1 234 235 INV
2 1 232 225 228 NOR
2 1 242 243 234 XOR
2 1 236 244 238 NOR
2 1 242 245 240 NOR
2 1 246 58 225 NOR
1 1 247 237 INV
1 1 178 184 INV
2 1 244 239 247 NOR
2 1 246 58 232 AND
2 1 248 249 178 XOR
2 1 250 251 236 NOR
2 1 252 253 242 NOR
2 1 254 60 244 NOR
2 1 255 62 239 NOR
2 1 256 257 246 XOR
2 1 258 249 250 NOR
2 1 256 259 252 NOR
1 1 255 254 INV
2 1 251 258 248 NOR
2 1 260 261 255 XOR
2 1 262 263 256 NOR
2 1 264 100 258 NOR
2 1 265 171 251 NOR
2 1 260 266 262 NOR
2 1 266 263 261 NOR
2 1 233 227 231 NOR
2 1 245 241 243 NOR
1 1 265 264 INV
2 1 267 268 265 XOR
2 1 211 221 218 AND
2 1 259 253 257 NOR
2 1 269 270 245 NOR
2 1 271 272 227 NOR
2 1 273 274 266 NOR
2 1 275 276 263 NOR
2 1 277 268 260 NAND
2 1 278 279 259 NOR
2 1 269 270 241 AND
2 1 271 272 233 AND
2 1 280 281 253 NOR
2 1 282 283 221 NAND
2 1 284 285 211 NAND
1 1 273 275 INV
2 1 286 43 271 NAND
2 1 287 56 269 NOR
2 1 287 100 273 NOR
1 1 284 282 INV
1 1 278 280 INV
1 1 267 277 INV
2 1 287 30 284 NOR
2 1 287 60 278 NOR
2 1 286 101 267 NAND
1 1 287 286 INV
2 1 288 289 287 XOR
2 1 290 291 288 NOR
2 1 292 293 290 NOR
2 1 294 295 292 NOR
1 1 283 285 INV
2 1 293 291 296 NOR
2 1 297 298 283 XOR
2 1 297 299 294 NOR
2 1 300 15 293 NOR
2 1 301 17 291 NOR
2 1 302 303 304 NAND
2 1 305 306 297 NOR
1 1 301 300 INV
2 1 299 295 298 NOR
2 1 307 308 301 XOR
2 1 309 310 272 XOR
2 1 309 311 305 NOR
2 1 312 313 302 NAND
2 1 314 32 295 NOR
2 1 315 30 299 NOR
1 1 307 312 INV
2 1 316 317 309 NOR
2 1 318 319 307 NOR
1 1 314 315 INV
2 1 311 306 310 NOR
2 1 320 321 314 XOR
2 1 322 323 270 XOR
2 1 322 324 316 NOR
2 1 320 325 318 NOR
1 1 281 279 INV
2 1 326 45 311 NOR
2 1 327 43 306 NOR
2 1 328 329 281 XOR
2 1 330 331 322 NOR
2 1 332 333 320 NOR
1 1 334 323 INV
1 1 327 326 INV
2 1 317 324 334 NOR
2 1 335 336 327 XOR
2 1 329 337 330 NOR
2 1 335 338 332 NOR
2 1 339 56 324 NOR
1 1 276 274 INV
2 1 339 56 317 AND
2 1 337 331 328 NOR
2 1 340 341 276 XOR
2 1 342 343 329 NOR
2 1 344 345 335 NOR
2 1 346 62 331 NOR
2 1 347 60 337 NOR
2 1 348 349 339 XOR
2 1 350 341 342 NOR
2 1 348 351 344 NOR
1 1 346 347 INV
2 1 343 350 340 NOR
2 1 352 353 346 XOR
2 1 354 355 348 NOR
2 1 356 171 343 NOR
2 1 357 100 350 NOR
1 1 358 349 INV
2 1 352 359 354 NOR
2 1 333 338 336 NOR
2 1 355 359 353 NOR
2 1 351 345 358 NOR
1 1 356 357 INV
2 1 360 361 356 XOR
2 1 303 313 308 AND
2 1 319 325 321 NOR
2 1 362 363 359 NOR
2 1 364 365 319 NOR
2 1 366 367 351 NOR
2 1 368 369 355 NOR
2 1 370 361 352 NAND
2 1 366 367 345 AND
2 1 371 372 338 NOR
2 1 373 374 333 NOR
2 1 364 365 325 AND
2 1 375 376 303 NAND
2 1 377 378 313 NAND
1 1 362 368 INV
2 1 379 100 362 NOR
2 1 379 60 366 NOR
2 1 380 43 364 NAND
1 1 375 377 INV
1 1 371 373 INV
1 1 360 370 INV
2 1 379 30 375 NOR
2 1 379 56 371 NOR
2 1 380 101 360 NAND
1 1 379 380 INV
2 1 381 382 379 XOR
2 1 383 384 381 NOR
2 1 385 386 383 NOR
2 1 387 388 385 NOR
1 1 378 376 INV
2 1 386 384 389 NOR
2 1 390 391 378 XOR
2 1 390 392 387 NOR
2 1 393 17 384 NOR
2 1 393 17 386 AND
2 1 392 388 391 NOR
2 1 394 395 390 NOR
2 1 396 397 398 NOR
2 1 399 400 393 XOR
2 1 401 402 365 XOR
2 1 401 403 394 NOR
2 1 404 32 388 NOR
2 1 399 405 396 NOR
2 1 404 32 392 AND
2 1 403 395 402 NOR
2 1 406 407 401 NOR
1 1 374 372 INV
2 1 408 409 404 XOR
2 1 410 411 374 XOR
2 1 412 413 399 NOR
2 1 411 414 406 NOR
2 1 415 43 395 NOR
2 1 408 416 412 NOR
2 1 415 43 403 AND
2 1 417 418 367 XOR
2 1 407 414 410 NOR
2 1 419 420 411 NOR
2 1 421 422 415 XOR
2 1 423 424 408 NOR
2 1 417 425 419 NOR
2 1 426 427 418 NAND
2 1 428 58 407 NOR
1 1 369 363 INV
2 1 421 429 423 NOR
2 1 428 58 414 AND
2 1 430 431 369 XOR
1 1 420 427 INV
2 1 432 62 420 NOR
2 1 433 434 417 NOR
1 1 426 425 INV
2 1 432 62 426 NAND
2 1 435 436 428 XOR
2 1 437 438 421 NOR
2 1 439 431 433 NOR
2 1 434 439 430 NOR
2 1 435 440 437 NOR
2 1 441 442 432 XOR
2 1 443 171 434 NOR
2 1 443 171 439 AND
2 1 444 445 435 NOR
2 1 441 446 444 NOR
2 1 416 413 409 NOR
2 1 440 438 436 NOR
2 1 424 429 422 NOR
2 1 447 448 443 XOR
2 1 397 405 400 NOR
2 1 445 446 442 NOR
3 1 449 450 451 452 XOR
2 1 453 454 416 NOR
2 1 455 456 413 NOR
2 1 457 458 438 NOR
2 1 459 460 424 NOR
2 1 461 448 441 NAND
2 1 457 458 440 AND
2 1 462 463 445 NOR
2 1 464 465 446 NOR
2 1 459 460 429 AND
2 1 466 467 405 NOR
2 1 468 469 397 NOR
1 1 453 455 INV
2 1 470 45 453 NOR
2 1 471 17 449 NAND
2 1 471 62 457 NAND
1 1 466 468 INV
1 1 464 462 INV
1 1 447 461 INV
2 1 470 30 466 NOR
2 1 471 58 459 NAND
2 1 470 100 464 NOR
2 1 471 101 447 NAND
1 1 470 471 INV
2 1 472 473 470 XOR
2 1 474 475 472 NOR
2 1 451 476 474 NOR
2 1 477 3 473 NAND
2 1 478 479 451 NOR
1 1 469 467 INV
2 1 476 475 450 NOR
2 1 480 481 469 XOR
2 1 481 482 478 NOR
2 1 483 17 475 NOR
3 1 484 485 486 477 NAND
2 1 483 17 476 AND
2 1 482 479 480 NOR
2 1 487 488 481 NOR
1 1 456 454 INV
2 1 489 490 456 XOR
2 1 491 492 483 XOR
2 1 490 493 487 NOR
2 1 494 495 486 NAND
2 1 496 30 482 NOR
2 1 497 32 479 NOR
1 1 491 494 INV
2 1 498 499 490 NOR
2 1 500 501 491 NOR
1 1 497 496 INV
2 1 493 488 489 NOR
2 1 502 503 497 XOR
2 1 504 505 460 XOR
2 1 505 506 498 NOR
2 1 502 507 500 NOR
2 1 508 43 488 NOR
2 1 509 45 493 NOR
2 1 510 511 458 XOR
2 1 512 513 505 NOR
2 1 514 515 502 NOR
1 1 508 509 INV
2 1 499 506 504 NOR
2 1 516 517 508 XOR
2 1 510 518 512 NOR
2 1 516 519 514 NOR
2 1 520 58 499 NOR
1 1 463 465 INV
2 1 520 58 506 AND
2 1 518 513 511 NOR
2 1 521 522 463 XOR
2 1 523 524 510 NOR
2 1 525 526 516 NOR
2 1 527 62 513 NOR
2 1 528 60 518 NOR
2 1 529 530 520 XOR
2 1 531 522 523 NOR
2 1 529 532 525 NOR
1 1 527 528 INV
2 1 524 531 521 NOR
2 1 533 534 527 XOR
2 1 535 536 529 NOR
2 1 537 171 524 NOR
2 1 538 100 531 NOR
2 1 533 539 535 NOR
2 1 515 519 517 NOR
2 1 536 539 534 NOR
2 1 526 532 530 NOR
1 1 537 538 INV
3 1 540 541 542 485 XOR
2 1 484 495 492 AND
2 1 501 507 503 NOR
2 1 543 544 537 XOR
2 1 545 546 539 NOR
2 1 547 548 515 NOR
2 1 549 550 501 NOR
2 1 551 552 519 NOR
2 1 553 544 533 NAND
2 1 549 550 507 AND
2 1 554 555 526 NOR
2 1 556 557 532 NOR
2 1 545 546 536 AND
2 1 558 559 484 NAND
2 1 560 561 495 NAND
1 1 551 547 INV
2 1 562 56 551 NOR
2 1 563 43 549 NAND
2 1 562 100 545 NOR
1 1 558 560 INV
1 1 556 554 INV
1 1 543 553 INV
2 1 562 30 558 NOR
2 1 562 60 556 NOR
2 1 563 17 540 NAND
2 1 563 101 543 NAND
1 1 562 563 INV
2 1 564 565 562 XOR
2 1 566 567 564 NOR
2 1 541 568 566 NOR
3 1 569 570 571 541 NOR
1 1 561 559 INV
2 1 572 573 571 NOR
2 1 574 575 550 XOR
2 1 574 576 572 NAND
1 1 548 552 INV
2 1 577 578 548 XOR
3 1 579 580 581 574 NAND
2 1 582 583 577 NOR
1 1 555 557 INV
2 1 582 584 581 NAND
2 1 585 586 555 XOR
2 1 585 587 582 NOR
2 1 588 589 546 XOR
2 1 590 591 585 NOR
2 1 592 589 590 NOR
1 1 593 588 INV
2 1 591 592 593 NOR
2 1 594 100 592 NOR
2 1 594 100 591 AND
2 1 579 584 578 AND
2 1 583 587 586 NOR
2 1 567 568 542 NOR
2 1 595 576 575 NAND
2 1 569 573 596 NOR
3 1 597 598 599 594 XOR
1 1 580 583 INV
2 1 600 56 579 NAND
2 1 601 15 568 NOR
2 1 602 58 584 NAND
2 1 603 60 587 NOR
2 1 603 60 580 NAND
1 1 595 570 INV
2 1 604 30 573 NOR
2 1 601 15 567 AND
2 1 605 43 576 NAND
2 1 606 32 569 NOR
2 1 607 45 595 NAND
1 1 600 602 INV
2 1 608 609 601 AND
2 1 610 101 597 NAND
3 1 611 612 610 600 NOR
1 1 607 605 INV
1 1 604 606 INV
3 1 613 614 610 603 NOR
3 1 615 616 610 607 NOR
3 1 617 618 610 604 NOR
2 1 619 3 565 NAND
1 1 610 608 INV
2 1 620 3 610 XOR
2 1 620 621 619 NAND
2 1 622 15 620 NAND
2 1 623 17 621 NAND
2 1 618 30 609 XOR
1 1 623 622 INV
2 1 618 30 623 NAND
2 1 616 45 617 NOR
2 1 616 45 618 AND
2 1 612 56 615 NOR
2 1 612 56 616 AND
2 1 614 60 611 NOR
2 1 614 60 612 AND
2 1 624 171 68 AND
2 1 624 171 73 NOR
2 1 625 171 613 AND
2 1 154 626 87 NOR
2 1 625 171 614 NOR
2 1 101 627 448 XOR
2 1 101 628 176 XOR
2 1 101 629 544 XOR
2 1 101 630 361 XOR
2 1 101 631 268 XOR
2 1 598 599 625 NOR
2 1 598 632 624 NOR
2 1 598 627 522 NOR
2 1 598 631 341 NOR
2 1 598 633 626 AND
2 1 598 628 249 NOR
2 1 598 630 431 NOR
2 1 598 629 589 NOR
2 1 598 633 154 NOR
1 1 171 100 INV
1 1 62 60 INV
1 1 17 15 INV
1 1 43 45 INV
1 1 58 56 INV
1 1 32 30 INV
1 1 101 598 INV
2 1 86 87 77 AND
2 1 634 3 103 NAND
2 1 118 635 634 XOR
2 1 636 3 197 NAND
2 1 212 637 636 XOR
2 1 638 3 289 NAND
2 1 304 639 638 XOR
2 1 640 3 382 NAND
2 1 398 452 640 XOR
3 1 641 204 200 635 XOR
2 1 194 17 641 AND
3 1 642 292 296 637 XOR
2 1 286 17 642 AND
3 1 643 389 385 639 XOR
2 1 380 17 643 AND
2 1 644 596 561 XOR
2 1 572 595 644 AND
3 1 645 646 647 648 XOR
3 1 649 650 651 647 XOR
3 1 652 653 654 655 XOR
2 1 656 657 645 NOR
2 1 658 654 656 AND
3 1 659 660 661 651 XOR
3 1 662 663 664 665 XOR
3 1 666 667 668 654 XOR
2 1 652 653 657 NOR
2 1 652 653 658 NAND
2 1 669 670 652 NOR
2 1 671 672 646 NAND
2 1 673 664 669 AND
1 1 674 671 INV
2 1 675 667 674 NOR
3 1 676 677 678 661 XOR
3 1 679 680 681 664 XOR
3 1 682 683 684 667 XOR
3 1 685 686 687 688 XOR
2 1 662 663 670 NOR
2 1 662 663 673 NAND
2 1 689 690 653 NOR
2 1 691 692 650 NOR
2 1 693 694 662 NOR
2 1 695 696 689 NOR
2 1 697 683 691 NOR
2 1 698 686 693 NOR
3 1 699 700 701 678 XOR
3 1 702 703 704 686 XOR
3 1 705 706 707 683 XOR
3 1 708 709 710 711 XOR
1 1 696 681 INV
3 1 712 713 714 696 XOR
2 1 666 715 672 NAND
2 1 666 715 675 NOR
2 1 716 687 698 NOR
2 1 716 687 694 AND
1 1 668 715 INV
2 1 717 718 668 NOR
2 1 719 720 660 NOR
2 1 721 722 663 NOR
1 1 685 716 INV
2 1 723 724 685 NOR
2 1 725 710 723 NOR
2 1 726 714 717 NOR
2 1 727 707 719 NOR
2 1 728 704 721 NOR
3 1 729 730 731 701 XOR
3 1 732 733 734 710 XOR
3 1 735 736 737 707 XOR
3 1 738 739 740 741 XOR
3 1 742 743 744 714 XOR
3 1 745 746 747 704 XOR
2 1 748 709 725 NOR
2 1 712 713 726 NOR
2 1 682 684 697 NOR
2 1 712 713 718 AND
2 1 682 684 692 AND
2 1 748 709 724 AND
2 1 749 750 684 NAND
2 1 751 752 712 NAND
2 1 753 754 699 NAND
2 1 755 756 687 NAND
1 1 748 708 INV
2 1 757 758 748 NAND
2 1 759 760 757 NAND
2 1 761 747 751 NAND
2 1 762 744 749 NAND
2 1 763 737 753 NAND
2 1 764 734 755 NAND
2 1 765 739 758 NAND
2 1 766 746 752 NAND
2 1 767 736 754 NAND
2 1 768 733 756 NAND
2 1 769 743 750 NAND
2 1 738 770 759 NAND
2 1 735 771 763 NAND
2 1 742 772 762 NAND
1 1 760 740 INV
3 1 773 774 775 776 XOR
2 1 745 777 761 NAND
2 1 732 778 764 NAND
3 1 779 780 781 731 XOR
3 1 782 783 784 737 XOR
3 1 785 786 787 734 XOR
3 1 788 789 790 744 XOR
3 1 791 792 793 747 XOR
3 1 794 795 796 760 XOR
1 1 735 767 INV
2 1 797 798 735 NOR
1 1 745 766 INV
2 1 799 800 745 NOR
1 1 742 769 INV
2 1 801 802 742 NOR
2 1 803 804 729 NOR
1 1 732 768 INV
2 1 805 806 732 NOR
1 1 738 765 INV
2 1 807 808 738 NOR
2 1 791 809 801 NOR
2 1 788 810 797 NOR
2 1 785 811 799 NOR
2 1 782 812 803 NOR
2 1 794 813 805 NOR
2 1 773 814 807 NOR
2 1 815 784 804 NOR
2 1 786 816 811 NOR
2 1 817 787 800 NOR
2 1 774 818 814 NOR
2 1 819 790 798 NOR
2 1 820 775 808 NOR
2 1 821 793 802 NOR
2 1 815 784 812 AND
2 1 792 822 809 NOR
2 1 819 790 810 AND
2 1 823 796 806 NOR
2 1 795 824 813 NOR
1 1 787 816 INV
2 1 791 825 787 NOR
2 1 782 826 790 NOR
2 1 779 827 784 NOR
2 1 828 829 830 NAND
1 1 793 822 INV
2 1 788 831 793 NOR
1 1 796 824 INV
2 1 785 832 796 NOR
1 1 775 818 INV
2 1 794 833 775 NOR
2 1 834 599 781 XOR
1 1 773 828 INV
2 1 679 680 695 NOR
2 1 702 703 728 NOR
2 1 705 706 727 NOR
2 1 835 629 779 NOR
2 1 836 628 785 NOR
2 1 837 632 773 NOR
2 1 838 631 791 NOR
2 1 839 627 782 NOR
2 1 840 633 794 NOR
2 1 841 630 788 NOR
2 1 836 628 832 AND
2 1 840 633 833 AND
2 1 837 632 829 NAND
2 1 835 629 827 AND
2 1 841 630 831 AND
2 1 702 703 722 AND
2 1 839 627 826 AND
2 1 838 631 825 AND
2 1 705 706 720 AND
2 1 679 680 690 AND
1 1 792 821 INV
1 1 786 817 INV
1 1 733 778 INV
1 1 783 815 INV
1 1 746 777 INV
1 1 774 820 INV
2 1 379 101 841 NAND
2 1 4 101 837 NAND
2 1 562 171 780 NAND
2 1 99 17 659 NAND
2 1 99 101 840 NAND
2 1 195 32 676 NAND
2 1 99 32 682 NAND
2 1 195 43 705 NAND
2 1 287 171 792 NAND
2 1 195 171 786 NAND
2 1 4 43 702 NAND
2 1 99 62 733 NAND
2 1 470 171 783 NAND
2 1 195 58 713 NAND
2 1 195 62 746 NAND
2 1 287 58 706 NAND
2 1 99 43 680 NAND
2 1 4 171 774 NAND
1 1 789 819 INV
1 1 739 770 INV
1 1 795 823 INV
1 1 743 772 INV
1 1 736 771 INV
2 1 379 58 700 NAND
2 1 287 43 677 NAND
2 1 608 101 834 NAND
2 1 195 101 836 NAND
2 1 287 101 838 NAND
2 1 4 3 649 NAND
2 1 470 62 730 NAND
2 1 470 101 839 NAND
2 1 562 101 835 NAND
2 1 379 171 789 NAND
2 1 4 62 739 NAND
2 1 99 171 795 NAND
2 1 4 32 679 NAND
2 1 287 62 743 NAND
2 1 4 58 709 NAND
2 1 4 17 666 NAND
2 1 99 58 703 NAND
2 1 379 62 736 NAND
