178 210
8 8 8
2 1 1 2 3 NAND
2 1 4 5 6 NAND
2 1 7 8 9 NAND
2 1 10 11 12 NAND
2 1 13 14 15 NAND
2 1 16 17 18 NAND
2 1 19 20 21 NAND
2 1 22 23 5 NAND
2 1 22 24 8 NAND
2 1 22 25 14 NAND
2 1 22 26 2 NAND
2 1 22 27 20 NAND
2 1 22 28 11 NAND
2 1 22 29 17 NAND
2 1 30 31 16 NAND
2 1 30 32 4 NAND
2 1 30 33 7 NAND
2 1 30 34 10 NAND
2 1 30 35 1 NAND
2 1 30 36 13 NAND
2 1 30 37 19 NAND
1 1 30 22 INV
3 1 38 39 40 30 NOR
2 1 41 42 40 NAND
3 1 43 44 45 41 NAND
2 1 46 47 45 NOR
2 1 48 49 46 NOR
2 1 50 51 48 NOR
2 1 52 53 50 NOR
3 1 44 54 43 39 AND
2 1 55 56 52 NOR
2 1 57 58 54 NAND
2 1 59 60 44 NOR
2 1 61 62 55 NOR
3 1 63 26 64 42 NAND
2 1 64 26 59 NOR
2 1 65 24 47 NOR
2 1 66 29 51 NOR
2 1 67 23 58 NAND
2 1 65 24 57 NAND
2 1 31 68 49 NOR
2 1 32 69 43 NAND
2 1 70 34 61 NOR
2 1 36 71 53 NOR
2 1 36 71 56 AND
1 1 31 66 INV
1 1 35 64 INV
1 1 32 67 INV
1 1 33 65 INV
2 1 28 27 70 NOR
2 1 72 73 35 NAND
2 1 74 75 31 NAND
2 1 76 77 36 NAND
2 1 27 28 62 AND
2 1 78 79 37 NAND
2 1 80 81 34 NAND
2 1 82 83 33 NAND
2 1 84 85 32 NAND
1 1 25 71 INV
1 1 29 68 INV
1 1 23 69 INV
2 1 86 87 77 NAND
2 1 86 88 75 NAND
2 1 86 89 73 NAND
2 1 90 91 25 NAND
2 1 92 93 28 NAND
2 1 94 95 29 NAND
2 1 96 97 26 NAND
2 1 86 98 83 NAND
2 1 86 99 81 NAND
2 1 86 100 79 NAND
2 1 86 101 85 NAND
2 1 102 103 24 NAND
2 1 104 105 23 NAND
2 1 106 107 27 NAND
2 1 108 109 76 NAND
2 1 108 110 74 NAND
2 1 108 111 80 NAND
2 1 108 112 84 NAND
2 1 108 113 72 NAND
2 1 108 114 78 NAND
2 1 108 115 82 NAND
2 1 116 117 103 NAND
2 1 116 118 97 NAND
2 1 116 119 105 NAND
2 1 116 120 107 NAND
2 1 116 121 95 NAND
2 1 116 122 93 NAND
2 1 116 123 91 NAND
1 1 108 86 INV
2 1 124 125 102 NAND
2 1 124 126 104 NAND
2 1 124 127 96 NAND
3 1 128 129 130 108 NOR
2 1 124 131 106 NAND
2 1 124 132 90 NAND
2 1 124 133 94 NAND
2 1 124 134 92 NAND
1 1 124 116 INV
3 1 135 136 137 124 NOR
2 1 138 139 130 NAND
2 1 140 141 137 NAND
3 1 142 143 144 138 NAND
3 1 145 146 147 140 NAND
2 1 148 149 144 NOR
2 1 150 151 147 NOR
2 1 152 153 148 NOR
2 1 154 155 150 NOR
2 1 156 88 152 AND
2 1 157 110 153 NOR
2 1 158 159 154 NOR
2 1 157 110 156 NAND
2 1 160 161 158 NOR
2 1 162 163 157 NOR
3 1 164 165 166 160 NOR
3 1 167 168 169 162 NOR
3 1 170 143 142 129 AND
3 1 171 146 145 136 AND
3 1 89 172 173 139 NAND
3 1 118 174 175 141 NAND
1 1 60 63 INV
2 1 176 120 166 NOR
2 1 177 178 38 NOR
2 1 179 100 169 NOR
2 1 173 180 143 AND
2 1 181 182 171 NAND
2 1 183 184 170 NAND
2 1 175 185 146 AND
2 1 186 187 60 NOR
2 1 187 178 188 NAND
2 1 189 190 135 NOR
2 1 191 127 185 NAND
2 1 192 121 159 NOR
2 1 193 87 167 NOR
2 1 194 122 165 NOR
1 1 178 186 INV
2 1 195 132 164 AND
1 1 187 177 INV
2 1 196 119 181 NAND
2 1 195 132 161 NOR
2 1 197 117 182 NAND
2 1 198 98 149 NOR
2 1 199 200 173 NAND
2 1 197 117 151 NOR
2 1 201 109 163 NOR
2 1 198 98 184 NAND
2 1 202 101 183 NAND
2 1 199 200 128 NOR
2 1 203 111 179 NOR
2 1 204 99 168 NOR
2 1 192 121 155 AND
2 1 205 113 180 NAND
2 1 206 134 176 NOR
2 1 189 190 175 NAND
2 1 207 112 142 NAND
2 1 208 126 145 NAND
2 1 190 209 178 NOR
2 1 200 210 187 NOR
1 1 127 174 INV
1 1 111 204 INV
1 1 87 201 INV
1 1 134 194 INV
1 1 101 207 INV
1 1 119 208 INV
1 1 122 206 INV
1 1 123 195 INV
1 1 125 197 INV
1 1 115 198 INV
1 1 126 196 INV
1 1 113 172 INV
1 1 109 193 INV
1 1 112 202 INV
1 1 89 205 INV
1 1 99 203 INV
1 1 118 191 INV
1 1 209 189 INV
1 1 133 192 INV
1 1 210 199 INV
