324 356
8 8 8
1 1 1 2 INV
1 1 3 4 INV
1 1 5 6 INV
1 1 7 8 INV
1 1 9 10 INV
1 1 11 12 INV
1 1 13 14 INV
2 1 15 16 1 AND
2 1 17 18 11 AND
2 1 19 20 9 AND
2 1 21 22 5 AND
2 1 23 24 7 AND
2 1 25 26 3 AND
2 1 27 28 13 AND
1 1 29 23 INV
1 1 30 17 INV
1 1 31 21 INV
1 1 32 25 INV
1 1 33 27 INV
1 1 34 15 INV
1 1 35 19 INV
2 1 36 37 34 AND
2 1 36 38 32 AND
2 1 36 39 35 AND
2 1 36 40 29 AND
2 1 36 41 30 AND
2 1 36 42 31 AND
2 1 36 43 33 AND
1 1 44 26 INV
1 1 45 16 INV
1 1 46 20 INV
1 1 47 24 INV
1 1 48 18 INV
1 1 49 22 INV
1 1 50 28 INV
2 1 51 52 50 AND
2 1 51 53 45 AND
2 1 51 54 46 AND
2 1 51 55 49 AND
2 1 51 56 48 AND
2 1 51 57 47 AND
2 1 51 58 44 AND
1 1 51 36 INV
2 1 59 60 51 AND
2 1 61 62 59 AND
1 1 63 61 INV
2 1 64 65 63 AND
2 1 66 67 64 AND
2 1 68 69 66 AND
1 1 70 68 INV
2 1 71 72 70 AND
1 1 73 71 INV
2 1 74 75 73 AND
2 1 76 77 60 AND
1 1 78 74 INV
2 1 79 80 78 AND
1 1 81 76 INV
2 1 82 65 81 AND
1 1 83 79 INV
2 1 84 85 83 AND
2 1 86 67 82 AND
1 1 87 84 INV
2 1 88 89 87 AND
1 1 90 86 INV
2 1 91 92 65 AND
2 1 93 94 90 AND
1 1 95 75 INV
1 1 96 69 INV
1 1 97 85 INV
1 1 98 91 INV
1 1 99 62 INV
1 1 100 88 INV
1 1 101 67 INV
2 1 57 102 95 AND
1 1 103 80 INV
1 1 104 72 INV
2 1 54 105 96 AND
2 1 56 106 97 AND
1 1 107 94 INV
1 1 108 93 INV
2 1 109 110 100 AND
2 1 111 112 99 AND
2 1 53 113 98 AND
2 1 58 114 101 AND
2 1 115 40 104 AND
2 1 116 41 103 AND
2 1 117 38 107 AND
2 1 118 39 108 AND
1 1 119 89 INV
2 1 37 92 111 AND
2 1 43 42 119 AND
1 1 112 53 INV
1 1 115 57 INV
1 1 116 56 INV
1 1 110 55 INV
1 1 120 109 INV
1 1 121 52 INV
1 1 117 58 INV
1 1 118 54 INV
2 1 122 123 121 AND
2 1 124 125 116 AND
2 1 126 127 112 AND
2 1 128 129 115 AND
2 1 130 131 120 AND
2 1 132 133 110 AND
2 1 134 135 118 AND
2 1 136 137 117 AND
1 1 113 37 INV
1 1 130 43 INV
1 1 114 38 INV
1 1 106 41 INV
1 1 102 40 INV
1 1 105 39 INV
1 1 131 42 INV
1 1 138 126 INV
1 1 139 132 INV
1 1 140 122 INV
1 1 141 136 INV
1 1 142 134 INV
2 1 143 144 106 AND
2 1 145 146 131 AND
1 1 147 124 INV
1 1 148 128 INV
2 1 149 150 113 AND
2 1 151 152 130 AND
2 1 153 154 114 AND
2 1 155 156 105 AND
2 1 157 158 102 AND
1 1 159 135 INV
1 1 160 129 INV
1 1 161 125 INV
1 1 162 123 INV
1 1 163 127 INV
1 1 164 137 INV
1 1 165 133 INV
2 1 166 167 147 AND
2 1 166 168 141 AND
2 1 166 169 142 AND
2 1 166 170 139 AND
2 1 166 171 138 AND
2 1 166 172 148 AND
2 1 166 173 140 AND
2 1 174 175 159 AND
2 1 174 176 160 AND
2 1 174 177 161 AND
2 1 174 178 162 AND
2 1 174 179 163 AND
2 1 174 180 164 AND
2 1 174 181 165 AND
1 1 182 157 INV
1 1 183 143 INV
1 1 184 145 INV
1 1 185 151 INV
1 1 186 149 INV
1 1 187 153 INV
1 1 188 155 INV
2 1 189 190 182 AND
2 1 189 191 183 AND
2 1 189 192 184 AND
2 1 189 193 185 AND
2 1 189 194 186 AND
2 1 189 195 187 AND
2 1 189 196 188 AND
1 1 197 156 INV
1 1 198 158 INV
1 1 199 144 INV
1 1 200 152 INV
1 1 201 150 INV
1 1 202 154 INV
1 1 203 146 INV
1 1 174 166 INV
2 1 204 205 199 AND
2 1 204 206 198 AND
2 1 204 207 201 AND
2 1 204 208 200 AND
2 1 204 209 203 AND
2 1 204 210 202 AND
2 1 204 211 197 AND
2 1 212 213 174 AND
1 1 204 189 INV
2 1 214 215 212 AND
2 1 216 217 204 AND
2 1 218 219 216 AND
1 1 220 214 INV
2 1 221 222 220 AND
1 1 223 218 INV
2 1 224 225 223 AND
2 1 226 227 221 AND
2 1 228 229 226 AND
2 1 230 231 224 AND
2 1 232 233 230 AND
1 1 234 228 INV
2 1 235 236 234 AND
1 1 237 232 INV
2 1 238 239 237 AND
1 1 240 235 INV
2 1 241 172 240 AND
1 1 242 238 INV
1 1 243 236 INV
2 1 244 245 242 AND
1 1 246 241 INV
2 1 247 248 243 AND
2 1 249 176 246 AND
1 1 250 244 INV
1 1 249 247 INV
2 1 251 252 213 AND
2 1 253 254 250 AND
2 1 255 256 217 AND
2 1 257 258 249 AND
1 1 259 251 INV
1 1 260 255 INV
1 1 261 253 INV
1 1 262 257 INV
2 1 263 222 259 AND
2 1 264 225 260 AND
2 1 265 266 261 AND
2 1 267 268 262 AND
2 1 269 270 265 AND
2 1 271 272 267 AND
2 1 273 227 263 AND
1 1 274 215 INV
1 1 275 219 INV
2 1 276 231 264 AND
2 1 277 171 274 AND
2 1 278 194 275 AND
1 1 279 77 INV
1 1 280 269 INV
1 1 281 276 INV
1 1 282 271 INV
1 1 283 273 INV
1 1 284 92 INV
2 1 285 286 278 AND
2 1 287 288 277 AND
2 1 289 290 279 AND
2 1 291 292 281 AND
2 1 293 294 280 AND
1 1 295 296 INV
2 1 297 298 283 AND
2 1 299 300 282 AND
2 1 301 302 284 AND
2 1 285 303 231 AND
2 1 287 304 227 AND
2 1 302 290 295 AND
1 1 305 245 INV
1 1 306 303 INV
1 1 307 291 INV
1 1 308 229 INV
1 1 309 268 INV
1 1 302 289 INV
1 1 310 299 INV
1 1 311 292 INV
1 1 312 272 INV
1 1 313 266 INV
1 1 314 254 INV
1 1 315 298 INV
1 1 316 222 INV
1 1 317 297 INV
1 1 318 293 INV
1 1 319 239 INV
1 1 320 304 INV
1 1 321 258 INV
1 1 322 233 INV
1 1 323 256 INV
1 1 324 252 INV
1 1 290 301 INV
1 1 325 270 INV
1 1 326 287 INV
1 1 327 285 INV
1 1 328 225 INV
2 1 329 205 325 AND
2 1 330 206 305 AND
2 1 331 196 307 AND
2 1 332 177 312 AND
2 1 333 190 319 AND
2 1 334 335 324 AND
2 1 336 210 328 AND
2 1 337 192 318 AND
2 1 338 168 315 AND
2 1 339 167 321 AND
2 1 340 181 309 AND
2 1 341 170 310 AND
2 1 342 334 290 AND
2 1 342 343 326 AND
2 1 344 209 313 AND
2 1 345 207 306 AND
2 1 346 195 311 AND
2 1 347 180 316 AND
2 1 348 179 320 AND
2 1 349 211 322 AND
2 1 350 191 314 AND
2 1 351 352 327 AND
2 1 353 169 317 AND
2 1 354 355 323 AND
2 1 356 175 308 AND
2 1 351 354 302 AND
1 1 194 345 INV
1 1 170 340 INV
1 1 181 341 INV
1 1 196 349 INV
1 1 177 339 INV
1 1 168 347 INV
1 1 195 336 INV
1 1 169 356 INV
1 1 191 329 INV
1 1 176 248 INV
1 1 190 330 INV
1 1 352 354 INV
1 1 343 334 INV
1 1 355 351 INV
1 1 179 288 INV
1 1 193 294 INV
1 1 192 344 INV
1 1 206 333 INV
1 1 209 337 INV
1 1 173 300 INV
1 1 180 338 INV
1 1 207 286 INV
1 1 171 348 INV
1 1 210 346 INV
1 1 167 332 INV
1 1 175 353 INV
1 1 205 350 INV
1 1 211 331 INV
1 1 335 342 INV
