189 221
8 8 8
2 1 1 2 3 NAND
2 1 4 5 6 NAND
2 1 7 8 9 NAND
2 1 10 11 12 NAND
2 1 13 14 15 NAND
2 1 16 17 18 NAND
2 1 19 20 21 NAND
2 1 22 23 7 NAND
2 1 22 24 16 NAND
2 1 22 25 4 NAND
2 1 22 26 10 NAND
2 1 22 27 1 NAND
2 1 22 28 13 NAND
2 1 22 29 19 NAND
2 1 30 31 5 NAND
2 1 30 32 14 NAND
2 1 30 33 8 NAND
2 1 30 34 11 NAND
2 1 30 35 2 NAND
2 1 30 36 20 NAND
2 1 30 37 17 NAND
1 1 30 22 INV
2 1 38 39 30 NAND
2 1 40 41 38 NOR
2 1 42 43 40 NOR
2 1 44 45 42 NAND
2 1 46 47 44 NOR
2 1 48 49 46 NOR
2 1 50 51 39 NOR
2 1 52 53 48 NOR
2 1 54 43 50 NOR
2 1 55 56 52 NOR
2 1 57 45 54 NAND
2 1 58 59 55 NOR
2 1 60 61 57 NAND
2 1 62 63 58 NOR
2 1 64 65 43 NAND
2 1 66 33 60 NAND
2 1 66 33 47 NOR
2 1 67 37 53 NOR
2 1 68 32 59 NOR
2 1 69 31 61 NAND
2 1 70 26 62 NOR
2 1 27 71 41 NOR
2 1 25 72 45 NAND
2 1 24 73 49 NOR
2 1 28 74 56 NOR
2 1 27 75 64 NAND
1 1 24 67 INV
1 1 28 68 INV
1 1 25 69 INV
1 1 23 66 INV
2 1 76 77 24 NAND
2 1 78 79 28 NAND
2 1 80 81 27 NAND
2 1 82 83 29 NAND
2 1 84 85 26 NAND
2 1 86 87 23 NAND
2 1 88 89 25 NAND
2 1 35 65 71 NAND
2 1 34 36 70 NOR
2 1 36 34 63 AND
2 1 90 91 81 NAND
1 1 37 73 INV
1 1 32 74 INV
2 1 90 92 77 NAND
2 1 90 93 79 NAND
2 1 90 94 85 NAND
2 1 90 95 83 NAND
2 1 90 96 89 NAND
2 1 90 97 87 NAND
1 1 31 72 INV
1 1 35 75 INV
2 1 98 99 88 NAND
2 1 98 100 76 NAND
2 1 98 101 86 NAND
2 1 98 102 82 NAND
2 1 98 103 78 NAND
2 1 104 105 37 NAND
2 1 106 107 32 NAND
2 1 98 108 84 NAND
2 1 98 109 80 NAND
2 1 110 111 33 NAND
2 1 112 113 36 NAND
2 1 114 115 31 NAND
2 1 116 117 35 NAND
2 1 118 119 34 NAND
1 1 98 90 INV
2 1 120 121 107 NAND
2 1 120 122 111 NAND
2 1 120 123 119 NAND
2 1 124 125 98 NOR
2 1 120 126 115 NAND
2 1 120 127 117 NAND
2 1 120 128 113 NAND
2 1 120 129 105 NAND
2 1 130 131 116 NAND
2 1 130 132 104 NAND
2 1 130 133 106 NAND
2 1 130 134 114 NAND
2 1 130 135 110 NAND
2 1 130 136 112 NAND
2 1 130 137 118 NAND
2 1 138 139 124 NAND
1 1 130 120 INV
2 1 140 141 130 NOR
2 1 142 143 138 NAND
2 1 144 145 140 NAND
2 1 146 147 142 NOR
2 1 148 149 144 NAND
2 1 150 151 146 NAND
2 1 152 153 148 NOR
2 1 154 155 150 NAND
2 1 156 157 152 NAND
2 1 158 92 154 NAND
2 1 159 160 156 NAND
2 1 161 100 158 NAND
2 1 162 163 155 NAND
2 1 164 165 159 NAND
1 1 162 161 INV
2 1 166 167 141 NAND
2 1 168 169 125 NAND
2 1 170 171 164 NAND
2 1 172 173 162 NAND
2 1 174 143 168 NAND
2 1 175 149 166 NAND
2 1 176 177 170 NAND
2 1 178 179 172 NAND
2 1 147 180 174 NOR
2 1 153 181 175 NOR
2 1 182 183 176 NOR
2 1 184 185 178 NOR
2 1 186 91 139 NAND
2 1 187 127 145 NAND
2 1 188 189 147 NAND
2 1 190 191 153 NAND
2 1 192 131 187 NOR
2 1 193 95 184 NOR
2 1 194 109 186 NOR
2 1 195 128 182 NOR
2 1 196 197 181 NOR
2 1 198 199 51 NOR
2 1 200 201 180 NOR
2 1 198 199 65 NAND
1 1 194 188 INV
2 1 202 199 203 NAND
1 1 192 190 INV
2 1 204 131 191 NAND
2 1 205 101 151 NAND
2 1 206 129 160 NAND
2 1 207 108 179 NAND
2 1 208 132 165 NAND
2 1 209 109 189 NAND
2 1 210 99 201 NOR
2 1 211 93 173 NAND
1 1 202 198 INV
2 1 210 99 143 NAND
2 1 212 213 194 NOR
2 1 214 215 192 NOR
2 1 212 213 169 NAND
2 1 216 134 197 NOR
2 1 217 137 177 NAND
2 1 218 135 196 NOR
2 1 205 101 200 NOR
2 1 207 108 193 NOR
2 1 219 121 171 NAND
2 1 218 135 157 NAND
2 1 211 93 185 NOR
2 1 214 215 167 NAND
2 1 219 121 183 NOR
2 1 217 137 195 NOR
2 1 216 134 149 NAND
2 1 220 213 202 NOR
2 1 221 215 199 NOR
1 1 91 209 INV
1 1 129 208 INV
1 1 97 205 INV
1 1 221 214 INV
1 1 133 219 INV
1 1 96 210 INV
1 1 220 212 INV
1 1 127 204 INV
1 1 100 163 INV
1 1 132 206 INV
1 1 122 218 INV
1 1 123 217 INV
1 1 103 211 INV
1 1 126 216 INV
1 1 94 207 INV
