111 127
8 8 8
1 1 1 2 INV
1 1 3 4 INV
1 1 5 6 INV
1 1 7 8 INV
1 1 9 10 INV
1 1 11 12 INV
1 1 13 14 INV
2 1 15 16 1 AND
2 1 17 18 11 AND
2 1 19 20 9 AND
2 1 21 22 5 AND
2 1 23 24 7 AND
2 1 25 26 3 AND
2 1 27 28 13 AND
1 1 29 19 INV
1 1 30 23 INV
1 1 31 17 INV
1 1 32 27 INV
1 1 33 21 INV
1 1 34 15 INV
1 1 35 25 INV
2 1 36 37 34 AND
2 1 36 38 32 AND
2 1 36 39 35 AND
2 1 36 40 29 AND
2 1 36 41 30 AND
2 1 36 42 31 AND
2 1 36 43 33 AND
1 1 44 28 INV
1 1 45 26 INV
1 1 46 20 INV
1 1 47 16 INV
1 1 48 24 INV
1 1 49 18 INV
1 1 50 22 INV
2 1 51 52 50 AND
2 1 51 53 45 AND
2 1 51 54 46 AND
2 1 51 55 49 AND
2 1 51 56 48 AND
2 1 51 57 47 AND
2 1 51 58 44 AND
1 1 51 36 INV
2 1 59 60 51 AND
2 1 61 62 59 AND
1 1 63 61 INV
2 1 64 65 63 AND
1 1 66 64 INV
2 1 67 68 66 AND
2 1 69 70 67 AND
1 1 71 69 INV
2 1 72 73 71 AND
2 1 74 75 72 AND
1 1 76 74 INV
2 1 77 78 76 AND
2 1 79 80 77 AND
1 1 81 79 INV
2 1 82 83 81 AND
2 1 84 85 82 AND
1 1 86 84 INV
1 1 87 60 INV
1 1 88 68 INV
1 1 89 78 INV
2 1 90 91 86 AND
2 1 92 43 89 AND
2 1 93 37 87 AND
2 1 94 41 88 AND
1 1 95 90 INV
2 1 96 97 93 AND
2 1 73 98 94 AND
2 1 83 99 92 AND
2 1 96 100 65 AND
2 1 101 39 95 AND
1 1 102 85 INV
1 1 103 70 INV
1 1 104 91 INV
1 1 105 100 INV
1 1 106 80 INV
1 1 107 83 INV
1 1 108 109 INV
1 1 110 62 INV
1 1 111 101 INV
1 1 112 75 INV
1 1 113 96 INV
1 1 114 73 INV
2 1 115 56 112 AND
2 1 116 117 108 AND
2 1 118 38 104 AND
2 1 119 57 105 AND
2 1 120 42 106 AND
2 1 121 55 107 AND
2 1 117 122 110 AND
2 1 123 58 111 AND
2 1 124 52 102 AND
2 1 125 40 103 AND
2 1 126 54 114 AND
2 1 116 127 113 AND
1 1 52 99 INV
1 1 54 125 INV
1 1 56 98 INV
1 1 41 115 INV
1 1 55 120 INV
1 1 58 118 INV
1 1 122 116 INV
1 1 57 97 INV
1 1 38 123 INV
1 1 42 121 INV
1 1 40 126 INV
1 1 37 119 INV
1 1 43 124 INV
1 1 127 117 INV
