102 118
8 8 8
1 1 1 2 INV
1 1 3 4 INV
1 1 5 6 INV
1 1 7 8 INV
1 1 9 10 INV
1 1 11 12 INV
1 1 13 14 INV
2 1 15 16 1 AND
2 1 17 18 11 AND
2 1 19 20 9 AND
2 1 21 22 5 AND
2 1 23 24 7 AND
2 1 25 26 3 AND
2 1 27 28 13 AND
1 1 29 19 INV
1 1 30 23 INV
1 1 31 17 INV
1 1 32 27 INV
1 1 33 21 INV
1 1 34 15 INV
1 1 35 25 INV
2 1 36 37 34 AND
2 1 36 38 32 AND
2 1 36 39 35 AND
2 1 36 40 29 AND
2 1 36 41 30 AND
2 1 36 42 31 AND
2 1 36 43 33 AND
1 1 44 28 INV
1 1 45 26 INV
1 1 46 20 INV
1 1 47 16 INV
1 1 48 24 INV
1 1 49 18 INV
1 1 50 22 INV
2 1 51 52 50 AND
2 1 51 53 45 AND
2 1 51 54 46 AND
2 1 51 55 49 AND
2 1 51 56 48 AND
2 1 51 57 47 AND
2 1 51 58 44 AND
1 1 51 36 INV
3 1 59 60 61 51 AND
1 1 62 59 INV
3 1 63 64 65 62 AND
1 1 66 63 INV
3 1 67 68 69 66 AND
1 1 70 67 INV
3 1 71 72 73 70 AND
1 1 74 71 INV
3 1 75 76 77 74 AND
1 1 78 75 INV
3 1 79 80 81 78 AND
1 1 82 79 INV
2 1 83 84 82 AND
1 1 85 60 INV
1 1 86 68 INV
1 1 87 83 INV
1 1 88 76 INV
3 1 64 89 37 85 AND
3 1 72 90 41 86 AND
2 1 91 39 87 AND
3 1 80 92 43 88 AND
1 1 93 81 INV
1 1 94 84 INV
1 1 95 65 INV
1 1 96 77 INV
1 1 97 69 INV
1 1 98 72 INV
1 1 99 100 INV
1 1 101 73 INV
1 1 102 61 INV
1 1 103 91 INV
1 1 104 80 INV
1 1 105 64 INV
2 1 106 107 102 AND
2 1 108 106 99 AND
2 1 109 38 94 AND
2 1 110 57 95 AND
2 1 111 42 96 AND
2 1 112 54 98 AND
2 1 113 55 104 AND
2 1 114 58 103 AND
2 1 115 52 93 AND
2 1 116 40 97 AND
2 1 117 56 101 AND
2 1 108 118 105 AND
1 1 38 114 INV
1 1 43 115 INV
1 1 55 111 INV
1 1 58 109 INV
1 1 52 92 INV
1 1 37 110 INV
1 1 118 106 INV
1 1 54 116 INV
1 1 41 117 INV
1 1 42 113 INV
1 1 40 112 INV
1 1 56 90 INV
1 1 57 89 INV
1 1 107 108 INV
