310 342
8 8 8
1 1 1 2 INV
1 1 3 4 INV
1 1 5 6 INV
1 1 7 8 INV
1 1 9 10 INV
1 1 11 12 INV
1 1 13 14 INV
2 1 15 16 1 AND
2 1 17 18 11 AND
2 1 19 20 9 AND
2 1 21 22 5 AND
2 1 23 24 7 AND
2 1 25 26 3 AND
2 1 27 28 13 AND
1 1 29 23 INV
1 1 30 17 INV
1 1 31 21 INV
1 1 32 25 INV
1 1 33 27 INV
1 1 34 15 INV
1 1 35 19 INV
2 1 36 37 34 AND
2 1 36 38 32 AND
2 1 36 39 35 AND
2 1 36 40 29 AND
2 1 36 41 30 AND
2 1 36 42 31 AND
2 1 36 43 33 AND
1 1 44 26 INV
1 1 45 16 INV
1 1 46 20 INV
1 1 47 24 INV
1 1 48 18 INV
1 1 49 22 INV
1 1 50 28 INV
2 1 51 52 50 AND
2 1 51 53 45 AND
2 1 51 54 46 AND
2 1 51 55 49 AND
2 1 51 56 48 AND
2 1 51 57 47 AND
2 1 51 58 44 AND
1 1 51 36 INV
3 1 59 60 61 51 AND
1 1 62 59 INV
3 1 63 64 65 62 AND
2 1 66 67 63 AND
1 1 68 66 INV
2 1 69 70 68 AND
1 1 71 69 INV
2 1 72 73 71 AND
1 1 74 72 INV
2 1 75 76 60 AND
2 1 77 78 74 AND
1 1 79 75 INV
1 1 80 77 INV
3 1 64 81 65 79 AND
2 1 82 83 80 AND
1 1 84 82 INV
1 1 85 81 INV
2 1 86 87 84 AND
2 1 88 89 64 AND
2 1 90 91 85 AND
1 1 92 73 INV
1 1 93 67 INV
1 1 94 83 INV
1 1 95 88 INV
1 1 96 61 INV
1 1 97 86 INV
1 1 98 65 INV
2 1 57 99 92 AND
1 1 100 78 INV
1 1 101 70 INV
2 1 54 102 93 AND
2 1 56 103 94 AND
1 1 104 91 INV
1 1 105 90 INV
2 1 106 107 97 AND
3 1 37 108 89 96 AND
2 1 53 109 95 AND
2 1 58 110 98 AND
2 1 111 40 101 AND
2 1 112 41 100 AND
2 1 113 38 104 AND
2 1 114 39 105 AND
1 1 115 87 INV
2 1 43 42 115 AND
1 1 108 53 INV
1 1 111 57 INV
1 1 112 56 INV
1 1 107 55 INV
1 1 116 106 INV
1 1 117 52 INV
1 1 113 58 INV
1 1 114 54 INV
2 1 118 119 117 AND
2 1 120 121 108 AND
2 1 122 123 111 AND
2 1 124 125 112 AND
2 1 126 127 116 AND
2 1 128 129 107 AND
2 1 130 131 114 AND
2 1 132 133 113 AND
1 1 109 37 INV
1 1 126 43 INV
1 1 110 38 INV
1 1 103 41 INV
1 1 99 40 INV
1 1 102 39 INV
1 1 127 42 INV
1 1 134 124 INV
1 1 135 132 INV
1 1 136 130 INV
1 1 137 128 INV
1 1 138 120 INV
1 1 139 122 INV
1 1 140 118 INV
2 1 141 142 127 AND
2 1 143 144 126 AND
2 1 145 146 110 AND
2 1 147 148 102 AND
2 1 149 150 99 AND
2 1 151 152 103 AND
2 1 153 154 109 AND
1 1 155 131 INV
1 1 156 123 INV
1 1 157 125 INV
1 1 158 119 INV
1 1 159 121 INV
1 1 160 133 INV
1 1 161 129 INV
2 1 162 163 134 AND
2 1 162 164 135 AND
2 1 162 165 136 AND
2 1 162 166 137 AND
2 1 162 167 138 AND
2 1 162 168 139 AND
2 1 162 169 140 AND
2 1 170 171 155 AND
2 1 170 172 156 AND
2 1 170 173 157 AND
2 1 170 174 158 AND
2 1 170 175 159 AND
2 1 170 176 160 AND
2 1 170 177 161 AND
1 1 178 149 INV
1 1 179 151 INV
1 1 180 141 INV
1 1 181 143 INV
1 1 182 153 INV
1 1 183 145 INV
1 1 184 147 INV
2 1 185 186 178 AND
2 1 185 187 179 AND
2 1 185 188 180 AND
2 1 185 189 181 AND
2 1 185 190 182 AND
2 1 185 191 183 AND
2 1 185 192 184 AND
1 1 193 150 INV
1 1 194 152 INV
1 1 195 144 INV
1 1 196 154 INV
1 1 197 146 INV
1 1 198 142 INV
1 1 199 148 INV
1 1 170 162 INV
2 1 200 201 195 AND
2 1 200 202 194 AND
2 1 200 203 197 AND
2 1 200 204 196 AND
2 1 200 205 199 AND
2 1 200 206 198 AND
2 1 200 207 193 AND
3 1 208 209 210 170 AND
1 1 200 185 INV
3 1 211 212 213 200 AND
1 1 214 208 INV
3 1 215 216 217 214 AND
1 1 218 211 INV
3 1 219 220 221 218 AND
2 1 222 223 215 AND
2 1 224 225 219 AND
1 1 226 222 INV
2 1 227 228 226 AND
1 1 229 224 INV
2 1 230 231 229 AND
1 1 232 227 INV
2 1 233 168 232 AND
1 1 234 230 INV
1 1 235 228 INV
2 1 236 237 234 AND
1 1 238 233 INV
2 1 239 240 235 AND
2 1 241 172 238 AND
1 1 242 236 INV
1 1 241 239 INV
2 1 243 244 209 AND
2 1 245 246 242 AND
2 1 247 248 212 AND
2 1 249 250 241 AND
1 1 251 243 INV
1 1 252 247 INV
1 1 253 245 INV
1 1 254 249 INV
3 1 255 216 217 251 AND
3 1 256 220 221 252 AND
3 1 257 258 259 253 AND
3 1 260 261 262 254 AND
1 1 263 213 INV
1 1 264 210 INV
1 1 265 260 INV
1 1 266 257 INV
1 1 267 255 INV
1 1 268 76 INV
1 1 269 256 INV
1 1 270 89 INV
2 1 271 272 266 AND
2 1 273 274 267 AND
2 1 275 276 270 AND
3 1 277 278 190 263 AND
3 1 279 280 167 264 AND
2 1 281 282 265 AND
2 1 283 284 269 AND
1 1 285 286 INV
2 1 287 288 268 AND
2 1 279 289 216 AND
2 1 277 290 220 AND
2 1 276 288 285 AND
1 1 291 284 INV
1 1 292 225 INV
1 1 293 259 INV
1 1 294 246 INV
1 1 295 262 INV
1 1 296 261 INV
1 1 297 250 INV
1 1 298 290 INV
1 1 299 271 INV
1 1 288 275 INV
1 1 300 281 INV
1 1 301 279 INV
1 1 302 277 INV
1 1 303 248 INV
1 1 304 231 INV
1 1 276 287 INV
1 1 305 244 INV
1 1 306 274 INV
1 1 307 223 INV
1 1 308 273 INV
1 1 309 258 INV
1 1 310 289 INV
1 1 311 237 INV
1 1 312 283 INV
1 1 313 217 INV
1 1 314 221 INV
2 1 315 166 300 AND
2 1 316 171 307 AND
2 1 317 192 312 AND
2 1 318 205 292 AND
2 1 319 186 304 AND
2 1 320 321 305 AND
2 1 322 203 314 AND
2 1 323 176 313 AND
2 1 324 206 293 AND
2 1 325 204 298 AND
2 1 326 202 309 AND
2 1 327 163 297 AND
2 1 328 329 276 AND
2 1 330 177 295 AND
2 1 331 173 296 AND
2 1 332 191 291 AND
2 1 333 334 301 AND
2 1 329 335 303 AND
2 1 336 187 294 AND
2 1 337 175 310 AND
2 1 338 207 311 AND
2 1 339 165 308 AND
2 1 328 340 302 AND
2 1 341 188 299 AND
2 1 342 164 306 AND
2 1 333 320 288 AND
1 1 176 342 INV
1 1 166 330 INV
1 1 172 240 INV
1 1 173 327 INV
1 1 177 315 INV
1 1 192 318 INV
1 1 204 278 INV
1 1 164 323 INV
1 1 203 332 INV
1 1 171 339 INV
1 1 188 324 INV
1 1 340 329 INV
1 1 334 320 INV
1 1 321 333 INV
1 1 202 336 INV
1 1 207 319 INV
1 1 167 337 INV
1 1 190 325 INV
1 1 169 282 INV
1 1 163 331 INV
1 1 191 322 INV
1 1 186 338 INV
1 1 175 280 INV
1 1 187 326 INV
1 1 206 341 INV
1 1 189 272 INV
1 1 165 316 INV
1 1 205 317 INV
1 1 335 328 INV
