562 578
8 8 16
2 1 1 2 3 NAND
2 1 4 5 6 XOR
2 1 4 7 1 NAND
2 1 8 9 10 XOR
2 1 11 12 4 NAND
2 1 13 14 15 XOR
2 1 16 17 18 XOR
2 1 16 19 11 NAND
2 1 20 21 22 NAND
2 1 23 24 25 NAND
2 1 26 27 28 XOR
2 1 29 30 31 XOR
2 1 32 33 34 XOR
1 1 35 13 INV
1 1 36 8 INV
2 1 37 38 20 NAND
2 1 37 39 35 NOR
2 1 40 41 36 NOR
2 1 42 43 44 XOR
2 1 45 46 47 XOR
2 1 40 48 23 NAND
2 1 49 50 16 NAND
2 1 2 7 5 AND
2 1 51 52 37 NOR
2 1 53 54 40 NOR
2 1 12 19 17 AND
2 1 33 55 49 NAND
2 1 33 56 57 NOR
2 1 58 59 32 NOR
2 1 60 61 29 NAND
2 1 62 63 26 NAND
1 1 64 7 INV
1 1 65 19 INV
1 1 59 55 INV
2 1 61 66 51 AND
2 1 67 54 41 NOR
2 1 63 68 53 AND
2 1 69 52 39 NOR
2 1 63 70 42 AND
2 1 71 72 64 NOR
2 1 73 74 65 NOR
2 1 61 75 45 AND
2 1 76 77 59 NOR
1 1 50 58 INV
2 1 78 79 80 XOR
2 1 70 43 62 NAND
2 1 81 82 83 XOR
2 1 75 46 60 NAND
2 1 84 85 12 NAND
2 1 84 86 50 NAND
2 1 84 87 2 NAND
2 1 88 89 33 NOR
2 1 90 91 76 NOR
2 1 92 93 74 NOR
2 1 94 95 87 AND
2 1 92 96 77 NOR
2 1 97 92 72 NOR
2 1 98 90 71 NOR
1 1 46 69 INV
1 1 43 67 INV
2 1 90 99 73 NOR
2 1 100 101 89 NAND
2 1 102 103 70 NAND
2 1 104 105 88 NAND
2 1 106 107 75 NAND
2 1 92 90 84 NOR
2 1 108 109 46 NAND
2 1 110 111 43 NAND
1 1 92 104 INV
1 1 90 100 INV
2 1 112 82 110 NAND
2 1 113 79 108 NAND
2 1 114 115 81 NOR
2 1 52 116 30 NOR
2 1 54 117 27 NOR
2 1 118 119 92 NOR
2 1 120 121 90 NOR
1 1 97 95 INV
1 1 98 94 INV
2 1 122 123 124 XOR
2 1 125 126 127 XOR
2 1 128 129 106 XOR
2 1 130 131 102 XOR
2 1 113 109 78 AND
2 1 132 133 97 XOR
2 1 134 135 98 XOR
1 1 136 113 INV
1 1 115 112 INV
2 1 132 137 120 NOR
2 1 134 138 118 NOR
2 1 139 140 136 NOR
2 1 141 142 115 NOR
2 1 143 144 54 NOR
2 1 145 146 52 NOR
1 1 111 114 INV
1 1 68 117 INV
1 1 66 116 INV
2 1 99 93 85 NOR
2 1 141 142 111 NAND
2 1 143 144 68 NAND
2 1 139 140 109 NAND
2 1 145 146 66 NAND
2 1 147 148 79 NAND
2 1 149 150 82 NAND
2 1 151 123 147 NAND
2 1 152 126 149 NAND
2 1 91 96 86 NOR
2 1 153 154 145 NAND
2 1 155 156 107 NOR
2 1 157 158 143 NAND
2 1 159 160 103 NOR
2 1 161 162 134 NOR
2 1 163 164 132 NOR
1 1 99 165 INV
1 1 93 166 INV
2 1 152 150 125 AND
2 1 151 148 122 AND
2 1 167 168 128 XOR
2 1 169 170 130 XOR
2 1 171 172 139 XOR
2 1 173 174 141 XOR
2 1 175 176 144 XOR
2 1 177 178 146 XOR
2 1 179 180 99 XOR
2 1 181 182 93 XOR
2 1 173 183 159 AND
2 1 184 169 157 NAND
2 1 181 185 163 NOR
2 1 179 186 161 NOR
2 1 187 188 150 NAND
2 1 48 24 9 AND
2 1 38 21 14 AND
1 1 189 152 INV
1 1 96 190 INV
1 1 91 191 INV
2 1 171 192 155 AND
2 1 193 167 153 NAND
2 1 194 195 151 NAND
2 1 187 188 189 NOR
2 1 196 197 148 NAND
2 1 198 199 96 XOR
2 1 200 201 91 XOR
2 1 131 202 158 NAND
2 1 203 170 184 NAND
2 1 126 204 205 NOR
2 1 123 206 207 NOR
2 1 208 168 193 NAND
2 1 129 209 154 NAND
2 1 210 211 38 NAND
2 1 212 213 48 NAND
2 1 214 215 179 NOR
2 1 216 217 181 NOR
1 1 196 194 INV
2 1 218 219 174 XOR
2 1 220 221 176 XOR
2 1 222 223 172 XOR
2 1 224 225 187 XOR
2 1 226 227 196 XOR
2 1 228 229 178 XOR
2 1 230 231 167 XOR
2 1 232 233 173 XOR
2 1 234 235 171 XOR
2 1 236 237 169 XOR
1 1 238 21 INV
1 1 239 24 INV
1 1 177 210 INV
1 1 175 212 INV
1 1 131 203 INV
1 1 129 208 INV
2 1 240 201 214 NOR
2 1 222 223 156 NOR
2 1 218 219 160 NOR
2 1 228 229 238 NOR
2 1 224 225 142 NOR
2 1 226 227 140 NOR
2 1 220 221 239 NOR
2 1 230 231 177 NOR
2 1 236 237 175 NOR
2 1 232 233 131 NOR
2 1 226 241 123 NOR
2 1 234 235 129 NOR
2 1 224 242 126 NOR
2 1 243 199 216 NOR
2 1 223 222 192 NAND
2 1 219 218 183 NAND
2 1 244 245 204 AND
2 1 246 247 206 AND
2 1 185 164 182 NOR
2 1 243 217 198 NOR
2 1 240 215 200 NOR
2 1 138 119 135 NOR
2 1 186 162 180 NOR
2 1 248 249 101 NOR
2 1 137 121 133 NOR
2 1 250 251 105 NOR
2 1 252 253 245 NAND
2 1 254 252 251 NOR
2 1 255 256 246 NAND
2 1 257 258 213 NAND
2 1 256 259 249 NOR
2 1 260 261 211 NAND
2 1 254 262 247 NAND
2 1 263 259 244 NAND
2 1 264 265 162 AND
2 1 262 253 215 AND
2 1 255 263 217 AND
2 1 261 258 138 NOR
2 1 264 265 186 NOR
2 1 262 253 240 NOR
2 1 252 265 188 AND
2 1 266 267 185 NOR
2 1 255 263 243 NOR
2 1 260 257 137 NOR
2 1 260 257 121 AND
2 1 266 256 227 NAND
2 1 266 261 228 NAND
2 1 267 259 225 NAND
2 1 255 262 226 NAND
2 1 263 253 224 NAND
1 1 242 268 INV
1 1 241 269 INV
1 1 195 197 INV
1 1 170 202 INV
1 1 199 250 INV
1 1 201 248 INV
1 1 168 209 INV
2 1 266 267 164 AND
2 1 261 258 119 AND
2 1 252 259 242 NAND
2 1 254 256 241 NAND
2 1 254 264 195 NAND
2 1 267 265 236 NAND
2 1 260 256 235 NAND
2 1 267 258 220 NAND
2 1 260 262 231 NAND
2 1 257 265 221 NAND
2 1 266 262 234 NAND
2 1 257 259 233 NAND
2 1 260 264 229 NAND
2 1 257 253 237 NAND
2 1 267 253 232 NAND
2 1 266 264 230 NAND
2 1 255 264 223 NAND
2 1 263 265 219 NAND
2 1 263 258 170 NAND
2 1 254 252 199 NAND
2 1 252 258 218 NAND
2 1 254 261 222 NAND
2 1 256 259 201 NAND
2 1 255 261 168 NAND
2 1 88 89 56 AND
1 1 270 61 INV
2 1 106 107 270 NOR
1 1 271 63 INV
2 1 102 103 271 NOR
2 1 272 273 274 NAND
2 1 275 276 277 XOR
2 1 275 278 272 NAND
2 1 279 280 275 NAND
2 1 281 282 283 XOR
1 1 284 279 INV
2 1 281 285 284 NOR
2 1 286 287 281 NOR
2 1 288 289 290 XOR
2 1 288 291 286 NOR
2 1 292 293 288 NOR
2 1 294 295 296 XOR
2 1 295 297 292 AND
2 1 298 299 300 XOR
2 1 301 302 295 NAND
2 1 298 303 301 NAND
2 1 304 305 294 XOR
2 1 306 307 299 XOR
2 1 308 309 310 XOR
1 1 311 302 INV
2 1 306 307 311 NOR
2 1 304 305 293 NOR
2 1 304 305 297 NAND
2 1 306 307 303 NAND
2 1 312 313 298 NAND
2 1 314 315 289 XOR
2 1 314 316 287 NOR
2 1 317 318 305 NOR
2 1 319 309 312 NAND
2 1 314 316 291 AND
2 1 320 321 322 XOR
2 1 323 324 304 XOR
2 1 325 326 306 XOR
2 1 327 328 308 XOR
2 1 326 329 317 NOR
1 1 330 319 INV
2 1 327 328 330 NOR
1 1 316 315 INV
2 1 331 332 316 NOR
2 1 327 328 313 NAND
2 1 333 334 309 NAND
2 1 335 324 331 NOR
2 1 336 337 326 NOR
2 1 338 321 333 NAND
2 1 339 340 307 XOR
2 1 341 342 320 XOR
2 1 343 344 314 XOR
2 1 345 6 282 XOR
2 1 34 346 323 XOR
2 1 347 348 327 XOR
2 1 34 346 335 NOR
2 1 349 6 280 NAND
2 1 349 6 285 NOR
2 1 350 351 324 NOR
2 1 34 346 332 AND
2 1 352 348 336 AND
1 1 353 334 INV
2 1 341 342 353 NOR
2 1 341 342 338 NAND
2 1 57 354 325 XOR
1 1 345 349 INV
2 1 321 355 356 NOR
2 1 57 354 318 AND
2 1 57 354 329 NOR
2 1 357 358 350 NOR
2 1 359 344 345 NOR
2 1 18 360 343 XOR
2 1 361 362 347 XOR
2 1 358 363 339 XOR
2 1 364 365 348 XOR
2 1 366 367 341 XOR
2 1 368 369 346 XOR
2 1 340 363 351 NOR
2 1 368 369 344 NOR
2 1 370 367 328 NOR
2 1 364 365 354 NOR
2 1 371 372 321 NOR
2 1 361 362 337 NOR
2 1 373 360 359 NOR
2 1 372 371 355 AND
2 1 362 361 352 NAND
2 1 340 363 357 AND
2 1 3 84 276 XOR
1 1 374 278 INV
1 1 370 366 INV
2 1 3 84 374 NOR
2 1 94 190 358 NAND
2 1 190 191 367 NAND
2 1 166 191 365 NAND
2 1 166 101 370 NAND
2 1 95 101 362 NAND
2 1 94 105 361 NAND
2 1 166 165 363 NAND
2 1 165 105 342 NAND
2 1 3 84 273 NAND
2 1 101 105 375 AND
2 1 190 101 372 NAND
2 1 191 105 371 NAND
2 1 94 166 368 NAND
2 1 165 190 364 NAND
2 1 95 94 360 NAND
2 1 95 165 369 NAND
2 1 95 191 340 NAND
1 1 18 373 INV
2 1 376 377 378 XOR
2 1 379 380 376 NOR
2 1 381 382 383 XOR
2 1 381 384 379 NOR
2 1 385 386 381 NOR
2 1 387 388 389 XOR
2 1 390 391 385 NOR
1 1 390 387 INV
2 1 392 393 390 NOR
2 1 394 395 396 XOR
2 1 397 398 392 NOR
1 1 397 394 INV
2 1 399 400 397 NOR
2 1 401 402 403 XOR
2 1 404 405 399 NOR
1 1 404 401 INV
2 1 406 407 404 NOR
2 1 408 409 410 XOR
2 1 411 412 406 NOR
1 1 408 411 INV
2 1 413 414 408 NAND
2 1 415 416 417 XOR
2 1 418 416 413 NAND
2 1 419 420 416 NAND
2 1 421 422 423 XOR
2 1 422 424 419 NAND
2 1 425 426 422 NOR
2 1 427 428 429 XOR
2 1 430 428 425 NOR
2 1 431 432 428 NOR
2 1 433 434 435 XOR
2 1 436 434 431 NOR
2 1 437 438 439 XOR
2 1 440 441 434 NOR
2 1 386 391 388 NOR
2 1 442 441 437 NOR
2 1 418 414 415 AND
2 1 393 398 395 NOR
2 1 400 405 402 NOR
2 1 407 412 409 NOR
1 1 443 382 INV
2 1 438 442 440 NOR
2 1 438 444 445 NOR
2 1 436 432 433 NOR
2 1 15 22 377 XOR
2 1 380 384 443 NOR
2 1 430 426 427 NOR
2 1 424 420 421 AND
1 1 446 424 INV
1 1 447 418 INV
2 1 448 449 412 NOR
2 1 450 451 391 NOR
2 1 452 453 446 NOR
2 1 454 455 426 NOR
2 1 456 457 447 NOR
2 1 458 459 398 NOR
2 1 460 461 432 NOR
2 1 462 463 405 NOR
2 1 464 465 441 NOR
2 1 466 467 384 NOR
2 1 468 268 438 NOR
2 1 468 268 444 AND
2 1 452 453 420 NAND
2 1 448 449 407 AND
2 1 459 458 393 AND
2 1 462 463 400 AND
2 1 466 467 380 AND
2 1 454 455 430 AND
2 1 456 457 414 NAND
2 1 464 465 442 AND
2 1 450 451 386 AND
2 1 460 461 436 AND
1 1 469 468 INV
1 1 15 467 INV
2 1 470 471 456 XOR
2 1 472 473 452 XOR
2 1 474 475 454 XOR
2 1 476 477 448 XOR
2 1 478 479 462 XOR
1 1 480 455 INV
2 1 481 482 480 NOR
2 1 483 484 453 NAND
2 1 485 486 449 NAND
2 1 487 488 463 NAND
2 1 489 490 458 NAND
2 1 491 492 457 NAND
2 1 493 494 460 XOR
2 1 495 496 450 NAND
2 1 497 498 483 NAND
2 1 493 499 481 AND
2 1 500 501 485 NAND
2 1 502 503 487 NAND
2 1 504 505 489 NAND
2 1 506 507 461 NAND
2 1 508 509 491 NAND
2 1 510 511 465 XOR
2 1 512 513 459 XOR
2 1 514 44 473 XOR
2 1 515 83 475 XOR
2 1 516 28 471 XOR
2 1 517 25 479 XOR
2 1 518 10 477 XOR
2 1 519 44 509 NAND
2 1 513 520 495 NAND
2 1 521 83 498 NAND
2 1 510 522 506 NAND
2 1 516 523 486 NAND
2 1 524 28 501 NAND
2 1 525 10 503 NAND
2 1 526 25 505 NAND
2 1 515 527 484 NAND
1 1 474 497 INV
1 1 476 502 INV
1 1 470 500 INV
1 1 472 508 INV
1 1 478 504 INV
2 1 518 528 488 NAND
2 1 514 529 492 NAND
2 1 517 530 490 NAND
2 1 531 532 469 XOR
2 1 533 80 474 XOR
2 1 534 15 476 XOR
2 1 535 124 493 XOR
2 1 536 31 470 XOR
2 1 537 47 472 XOR
2 1 538 22 478 XOR
1 1 516 524 INV
2 1 539 540 516 NAND
2 1 541 542 510 NAND
1 1 518 525 INV
2 1 543 544 518 NAND
1 1 515 521 INV
2 1 545 546 515 NAND
1 1 514 519 INV
2 1 547 548 514 NAND
2 1 549 550 513 NAND
1 1 517 526 INV
2 1 551 552 517 NAND
2 1 553 127 494 XOR
2 1 553 127 482 NOR
2 1 466 554 451 NAND
2 1 555 269 539 NAND
2 1 556 25 547 NAND
2 1 557 10 545 NAND
2 1 44 558 541 NAND
2 1 559 207 543 NAND
2 1 553 127 499 NAND
2 1 560 561 464 NAND
2 1 562 80 549 NAND
2 1 563 124 551 NAND
2 1 277 47 512 XOR
2 1 290 124 534 XOR
2 1 283 80 538 XOR
2 1 207 205 511 XOR
2 1 300 269 537 XOR
2 1 528 322 535 XOR
2 1 310 25 533 XOR
2 1 296 207 536 XOR
2 1 44 375 531 XOR
1 1 564 507 INV
1 1 565 520 INV
1 1 566 466 INV
1 1 553 560 INV
2 1 290 467 552 NAND
2 1 567 31 559 NAND
2 1 207 205 564 NOR
2 1 568 47 555 NAND
2 1 569 269 558 NAND
2 1 277 47 565 NOR
2 1 570 80 556 NAND
2 1 571 22 562 NAND
2 1 572 15 563 NAND
2 1 274 31 566 NOR
2 1 28 356 553 NOR
2 1 322 573 546 NAND
2 1 574 124 557 NAND
2 1 296 575 544 NAND
2 1 310 576 548 NAND
2 1 375 532 542 NAND
2 1 283 577 550 NAND
2 1 300 578 540 NAND
2 1 277 47 496 NAND
2 1 274 31 554 NAND
2 1 207 205 522 NAND
2 1 28 356 561 NAND
1 1 296 567 INV
1 1 290 572 INV
1 1 83 527 INV
1 1 28 523 INV
1 1 25 530 INV
1 1 80 576 INV
1 1 10 528 INV
1 1 269 532 INV
1 1 22 577 INV
1 1 375 569 INV
1 1 283 571 INV
1 1 300 568 INV
1 1 322 574 INV
1 1 310 570 INV
1 1 31 575 INV
1 1 124 573 INV
1 1 44 529 INV
1 1 47 578 INV
