832 848
8 8 16
1 1 1 2 INV
2 1 3 4 1 AND
2 1 5 6 7 XOR
1 1 8 3 INV
2 1 9 10 8 AND
1 1 5 9 INV
2 1 11 12 13 XOR
2 1 14 15 5 AND
2 1 16 17 18 XOR
2 1 19 20 21 XOR
1 1 22 23 INV
1 1 24 14 INV
1 1 25 26 INV
2 1 27 28 22 AND
2 1 29 30 24 AND
2 1 31 32 25 AND
2 1 33 34 35 XOR
2 1 36 37 38 XOR
2 1 39 40 41 XOR
1 1 42 16 INV
1 1 43 19 INV
1 1 11 29 INV
2 1 44 45 42 AND
2 1 46 47 43 AND
2 1 48 49 11 AND
1 1 50 31 INV
1 1 51 27 INV
2 1 52 53 54 XOR
2 1 55 56 50 AND
2 1 57 58 51 AND
2 1 59 60 61 XOR
1 1 62 12 INV
1 1 63 6 INV
1 1 55 45 INV
2 1 15 30 62 AND
2 1 4 10 63 AND
2 1 64 65 55 AND
2 1 49 66 33 AND
1 1 67 48 INV
1 1 57 47 INV
2 1 66 34 67 AND
2 1 68 69 70 XOR
2 1 71 72 36 AND
2 1 73 74 39 AND
2 1 75 76 57 AND
1 1 77 71 INV
1 1 78 64 INV
1 1 79 44 INV
1 1 80 75 INV
1 1 81 46 INV
1 1 82 10 INV
1 1 83 30 INV
1 1 84 66 INV
2 1 85 86 77 AND
2 1 72 87 78 AND
2 1 85 65 79 AND
2 1 74 88 80 AND
2 1 89 76 81 AND
2 1 90 91 82 AND
2 1 92 93 83 AND
2 1 94 95 84 AND
1 1 96 73 INV
1 1 97 15 INV
1 1 98 49 INV
1 1 99 53 INV
1 1 100 4 INV
1 1 101 60 INV
2 1 102 103 104 XOR
2 1 89 105 96 AND
2 1 106 107 108 XOR
2 1 109 110 97 AND
2 1 109 111 98 AND
2 1 72 86 99 AND
2 1 109 112 100 AND
2 1 74 105 101 AND
2 1 69 68 34 AND
1 1 113 91 INV
1 1 114 92 INV
1 1 115 90 INV
1 1 116 93 INV
1 1 117 86 INV
1 1 52 85 INV
1 1 59 89 INV
2 1 118 119 113 AND
2 1 120 121 114 AND
2 1 122 119 112 AND
2 1 120 122 115 AND
2 1 118 123 116 AND
2 1 124 125 117 AND
2 1 126 127 52 AND
2 1 128 129 59 AND
1 1 130 95 INV
1 1 131 94 INV
1 1 132 105 INV
1 1 133 74 INV
1 1 134 72 INV
2 1 120 135 130 AND
2 1 118 136 131 AND
2 1 137 138 132 AND
2 1 120 139 68 AND
2 1 118 140 69 AND
2 1 141 142 133 AND
2 1 143 144 134 AND
2 1 118 120 109 AND
1 1 145 128 INV
1 1 146 126 INV
1 1 147 37 INV
1 1 148 106 INV
1 1 149 118 INV
1 1 150 120 INV
2 1 102 151 145 AND
2 1 152 153 146 AND
2 1 151 129 103 AND
2 1 65 87 147 AND
2 1 153 127 148 AND
2 1 154 155 149 AND
2 1 156 157 150 AND
1 1 143 124 INV
1 1 141 137 INV
1 1 158 40 INV
2 1 159 160 161 XOR
2 1 162 163 164 XOR
2 1 165 166 143 XOR
2 1 167 168 141 XOR
2 1 76 88 158 AND
2 1 169 170 119 XOR
2 1 171 172 122 XOR
1 1 173 154 INV
1 1 174 156 INV
1 1 175 151 INV
1 1 176 153 INV
1 1 177 102 INV
1 1 107 152 INV
2 1 178 179 173 AND
2 1 180 181 174 AND
2 1 182 183 175 AND
2 1 184 185 176 AND
2 1 186 187 177 AND
2 1 188 189 107 AND
1 1 190 129 INV
1 1 191 87 INV
1 1 192 127 INV
1 1 193 88 INV
1 1 194 76 INV
1 1 195 65 INV
2 1 121 123 110 AND
2 1 196 197 190 AND
2 1 198 199 191 AND
2 1 200 201 192 AND
2 1 202 203 193 AND
2 1 204 205 194 AND
2 1 206 207 195 AND
1 1 208 188 INV
1 1 204 202 INV
1 1 138 142 INV
1 1 125 144 INV
1 1 206 198 INV
1 1 169 180 INV
1 1 171 178 INV
2 1 209 160 208 AND
2 1 210 187 162 AND
2 1 211 212 204 AND
2 1 209 189 159 AND
2 1 213 214 138 AND
2 1 215 216 125 AND
2 1 217 218 206 AND
2 1 219 220 169 AND
2 1 221 222 171 AND
1 1 223 186 INV
1 1 196 182 INV
1 1 203 205 INV
1 1 200 184 INV
1 1 199 207 INV
2 1 210 163 223 AND
2 1 135 136 111 AND
2 1 224 225 196 XOR
2 1 226 227 203 XOR
2 1 228 229 167 XOR
2 1 230 231 200 XOR
2 1 232 233 165 XOR
2 1 234 235 199 XOR
2 1 236 237 121 XOR
2 1 238 239 123 XOR
1 1 240 217 INV
1 1 241 221 INV
1 1 242 219 INV
1 1 243 209 INV
1 1 244 210 INV
2 1 245 232 240 AND
2 1 246 247 241 AND
2 1 248 249 242 AND
2 1 250 251 243 AND
2 1 58 28 20 AND
2 1 252 253 244 AND
2 1 56 32 17 AND
1 1 254 213 INV
1 1 255 211 INV
1 1 256 215 INV
1 1 257 187 INV
1 1 258 189 INV
2 1 224 259 254 AND
2 1 260 228 255 AND
2 1 230 261 256 AND
2 1 262 263 257 AND
2 1 264 265 258 AND
2 1 266 267 136 XOR
2 1 268 269 135 XOR
1 1 270 245 INV
1 1 271 212 INV
1 1 272 218 INV
1 1 273 260 INV
1 1 274 58 INV
1 1 275 56 INV
1 1 236 246 INV
1 1 238 248 INV
2 1 276 277 270 AND
2 1 168 229 271 AND
2 1 166 233 272 AND
2 1 278 279 273 AND
2 1 280 281 282 AND
2 1 283 284 285 AND
2 1 286 287 274 AND
2 1 288 289 275 AND
2 1 290 291 236 AND
2 1 292 293 238 AND
1 1 264 250 INV
1 1 262 252 INV
2 1 294 295 231 XOR
2 1 296 297 234 XOR
2 1 298 299 264 XOR
2 1 300 301 262 XOR
2 1 302 303 226 XOR
2 1 304 305 225 XOR
2 1 306 307 232 XOR
2 1 308 309 224 XOR
2 1 310 311 230 XOR
2 1 312 313 228 XOR
1 1 314 259 INV
1 1 315 261 INV
1 1 316 281 INV
1 1 317 284 INV
1 1 318 292 INV
1 1 319 290 INV
1 1 320 237 INV
1 1 321 172 INV
1 1 322 170 INV
1 1 323 239 INV
1 1 235 288 INV
2 1 324 325 314 AND
2 1 326 327 315 AND
2 1 328 329 316 AND
2 1 330 331 317 AND
2 1 332 267 318 AND
2 1 333 269 319 AND
2 1 333 291 268 AND
2 1 247 222 320 AND
2 1 332 293 266 AND
2 1 179 155 321 AND
2 1 181 157 322 AND
2 1 249 220 323 AND
2 1 306 307 235 AND
1 1 334 216 INV
1 1 335 214 INV
1 1 336 28 INV
1 1 337 32 INV
1 1 197 183 INV
1 1 201 185 INV
1 1 227 286 INV
1 1 160 280 INV
1 1 166 276 INV
1 1 168 278 INV
1 1 163 283 INV
2 1 294 295 334 AND
2 1 304 305 335 AND
2 1 338 339 140 XOR
2 1 302 303 336 AND
2 1 296 297 337 AND
2 1 300 301 197 AND
2 1 298 299 201 AND
2 1 340 341 139 XOR
2 1 312 313 227 AND
2 1 299 342 160 AND
2 1 310 311 166 AND
2 1 308 309 168 AND
2 1 301 343 163 AND
1 1 344 289 INV
1 1 345 331 INV
1 1 346 330 INV
1 1 347 328 INV
1 1 348 181 INV
1 1 349 247 INV
1 1 263 253 INV
1 1 350 293 INV
1 1 351 291 INV
1 1 352 333 INV
1 1 353 157 INV
1 1 354 222 INV
1 1 355 249 INV
1 1 356 220 INV
1 1 357 179 INV
1 1 358 332 INV
1 1 304 324 INV
1 1 295 327 INV
2 1 359 360 344 AND
2 1 338 361 345 AND
2 1 362 340 346 AND
2 1 363 341 347 AND
2 1 364 365 348 AND
2 1 366 367 349 AND
2 1 338 368 263 AND
2 1 362 363 350 AND
2 1 361 369 351 AND
2 1 370 371 352 AND
2 1 372 359 353 AND
2 1 368 373 354 AND
2 1 374 375 355 AND
2 1 338 340 343 AND
2 1 376 377 356 AND
2 1 378 379 357 AND
2 1 380 381 358 AND
2 1 372 368 302 AND
2 1 377 369 311 AND
2 1 376 368 313 AND
2 1 362 368 304 AND
2 1 340 341 269 AND
2 1 339 360 295 AND
1 1 382 287 INV
1 1 383 329 INV
1 1 265 251 INV
1 1 384 155 INV
1 1 294 326 INV
1 1 229 279 INV
1 1 233 277 INV
1 1 305 325 INV
2 1 372 385 382 AND
2 1 339 369 383 AND
2 1 339 373 265 AND
2 1 385 360 384 AND
2 1 339 341 342 AND
2 1 376 385 303 AND
2 1 377 341 298 AND
2 1 377 360 297 AND
2 1 359 341 310 AND
2 1 359 373 296 AND
2 1 377 373 307 AND
2 1 376 340 300 AND
2 1 372 340 308 AND
2 1 376 361 309 AND
2 1 359 369 306 AND
2 1 372 361 312 AND
2 1 363 373 294 AND
2 1 362 361 301 AND
2 1 338 339 267 AND
2 1 362 385 229 AND
2 1 363 369 299 AND
2 1 363 360 233 AND
2 1 338 385 305 AND
1 1 377 374 INV
1 1 385 379 INV
1 1 360 378 INV
1 1 376 375 INV
1 1 373 366 INV
1 1 368 367 INV
1 1 363 380 INV
1 1 359 364 INV
1 1 362 381 INV
1 1 369 370 INV
1 1 361 371 INV
1 1 372 365 INV
1 1 386 387 INV
2 1 388 389 386 AND
2 1 390 391 392 XOR
1 1 393 388 INV
2 1 394 395 393 AND
1 1 390 394 INV
2 1 396 397 390 AND
2 1 398 399 400 XOR
1 1 401 396 INV
2 1 402 403 401 AND
1 1 398 402 INV
2 1 404 405 398 AND
2 1 406 407 408 XOR
1 1 409 404 INV
2 1 410 411 409 AND
1 1 406 410 INV
2 1 412 413 406 AND
2 1 414 415 416 XOR
1 1 417 412 INV
2 1 418 419 417 AND
2 1 420 421 422 XOR
1 1 414 418 INV
2 1 423 424 414 AND
1 1 425 423 INV
2 1 426 427 425 AND
2 1 428 429 415 XOR
2 1 430 431 420 XOR
2 1 432 433 434 XOR
1 1 421 427 INV
2 1 435 436 421 AND
1 1 437 413 INV
2 1 428 438 437 AND
1 1 439 424 INV
2 1 430 440 439 AND
1 1 441 426 INV
2 1 442 431 441 AND
1 1 443 419 INV
2 1 444 429 443 AND
2 1 445 446 407 XOR
1 1 429 438 INV
2 1 447 448 429 AND
1 1 449 435 INV
2 1 450 451 449 AND
1 1 452 411 INV
2 1 445 453 452 AND
1 1 454 405 INV
2 1 455 446 454 AND
1 1 444 428 INV
2 1 456 457 444 XOR
2 1 458 459 432 XOR
2 1 460 461 462 XOR
1 1 430 442 INV
2 1 463 464 430 XOR
1 1 433 451 INV
2 1 465 466 433 AND
1 1 445 455 INV
2 1 467 468 445 AND
1 1 469 450 INV
2 1 458 470 469 AND
1 1 471 447 INV
2 1 472 464 471 AND
1 1 473 436 INV
2 1 474 459 473 AND
1 1 475 467 INV
2 1 476 477 475 AND
1 1 431 440 INV
2 1 478 479 431 AND
1 1 480 465 INV
2 1 481 461 480 AND
2 1 35 482 456 XOR
2 1 483 484 460 XOR
1 1 446 453 INV
2 1 13 485 446 XOR
1 1 474 458 INV
2 1 486 487 474 XOR
2 1 488 489 464 XOR
2 1 7 490 399 XOR
1 1 491 476 INV
2 1 492 493 491 AND
1 1 457 477 INV
2 1 494 495 457 AND
1 1 496 481 INV
2 1 497 498 496 AND
1 1 499 478 INV
2 1 500 487 499 AND
1 1 501 397 INV
2 1 7 502 501 AND
1 1 503 403 INV
2 1 504 490 503 AND
1 1 505 466 INV
2 1 483 484 505 AND
1 1 506 468 INV
2 1 35 482 506 AND
2 1 70 507 463 XOR
1 1 508 494 INV
1 1 509 472 INV
1 1 510 448 INV
1 1 490 502 INV
2 1 511 512 508 AND
2 1 513 514 509 AND
2 1 70 507 510 AND
2 1 515 516 485 AND
2 1 517 515 490 AND
1 1 483 497 INV
1 1 482 493 INV
2 1 518 519 520 XOR
2 1 521 522 486 XOR
2 1 512 523 488 XOR
2 1 524 525 487 XOR
2 1 526 527 483 XOR
2 1 528 529 482 XOR
1 1 530 500 INV
2 1 531 532 530 AND
1 1 533 511 INV
2 1 534 535 533 AND
1 1 507 514 INV
2 1 524 525 507 AND
1 1 536 479 INV
2 1 521 522 536 AND
1 1 537 495 INV
2 1 489 523 537 AND
1 1 538 517 INV
2 1 13 516 538 AND
1 1 459 470 INV
2 1 526 527 459 AND
1 1 539 515 INV
2 1 528 529 539 AND
2 1 518 519 461 AND
2 1 2 540 391 XOR
1 1 541 395 INV
1 1 522 531 INV
1 1 484 498 INV
1 1 521 532 INV
2 1 542 540 541 AND
2 1 122 119 516 AND
2 1 121 136 525 AND
2 1 119 121 528 AND
2 1 123 139 526 AND
2 1 122 136 512 AND
2 1 122 140 522 AND
2 1 121 140 484 AND
2 1 119 139 521 AND
1 1 543 389 INV
1 1 489 534 INV
1 1 523 535 INV
2 1 139 140 544 AND
2 1 2 109 543 AND
2 1 135 140 518 AND
2 1 136 139 519 AND
2 1 135 136 527 AND
2 1 123 135 524 AND
2 1 122 123 529 AND
2 1 119 135 489 AND
2 1 121 123 523 AND
1 1 109 540 INV
1 1 2 542 INV
1 1 70 513 INV
1 1 7 504 INV
1 1 35 492 INV
2 1 545 546 547 XOR
2 1 548 549 545 AND
2 1 550 551 552 XOR
1 1 553 548 INV
2 1 554 555 553 AND
1 1 550 554 INV
2 1 556 557 550 AND
2 1 558 559 560 XOR
1 1 561 556 INV
2 1 562 563 561 AND
1 1 558 562 INV
2 1 564 565 558 AND
2 1 566 567 568 XOR
1 1 569 564 INV
2 1 570 571 569 AND
1 1 566 570 INV
2 1 572 573 566 AND
2 1 574 575 576 XOR
1 1 577 572 INV
2 1 578 579 577 AND
1 1 574 578 INV
2 1 580 581 574 AND
2 1 582 583 584 XOR
1 1 585 580 INV
2 1 586 587 585 AND
1 1 583 586 INV
2 1 588 589 583 AND
2 1 590 591 592 XOR
1 1 593 588 INV
2 1 594 595 593 AND
1 1 591 594 INV
2 1 596 597 591 AND
2 1 598 599 600 XOR
1 1 601 596 INV
2 1 602 599 601 AND
2 1 603 604 599 AND
2 1 605 606 607 XOR
1 1 608 603 INV
2 1 609 610 608 AND
1 1 606 609 INV
2 1 611 612 606 AND
2 1 613 614 615 XOR
1 1 616 611 INV
2 1 617 618 616 AND
2 1 619 620 621 XOR
1 1 613 617 INV
2 1 622 623 613 AND
1 1 624 622 INV
1 1 625 575 INV
1 1 626 567 INV
1 1 627 559 INV
1 1 628 582 INV
2 1 629 630 624 AND
2 1 579 573 625 AND
2 1 571 565 626 AND
2 1 563 557 627 AND
2 1 587 581 628 AND
2 1 623 629 619 AND
1 1 631 590 INV
1 1 632 551 INV
2 1 630 633 634 AND
2 1 604 610 605 AND
2 1 612 618 614 AND
2 1 595 589 631 AND
2 1 555 549 632 AND
2 1 21 23 546 XOR
2 1 602 597 598 AND
1 1 635 587 INV
1 1 636 602 INV
1 1 637 563 INV
1 1 638 604 INV
1 1 639 595 INV
1 1 640 571 INV
1 1 641 612 INV
1 1 642 579 INV
1 1 643 623 INV
1 1 644 555 INV
1 1 620 630 INV
2 1 645 646 635 AND
2 1 647 648 636 AND
2 1 649 650 637 AND
2 1 651 652 638 AND
2 1 653 654 639 AND
2 1 655 656 640 AND
2 1 657 658 641 AND
2 1 659 660 642 AND
2 1 661 662 643 AND
2 1 663 21 644 AND
2 1 664 665 620 AND
1 1 666 633 INV
1 1 667 549 INV
1 1 668 581 INV
1 1 669 629 INV
1 1 670 565 INV
1 1 671 573 INV
1 1 672 610 INV
1 1 673 597 INV
1 1 674 589 INV
1 1 675 557 INV
1 1 676 618 INV
2 1 677 342 666 AND
2 1 678 679 667 AND
2 1 680 681 668 AND
2 1 682 683 669 AND
2 1 684 685 670 AND
2 1 686 687 671 AND
2 1 688 689 672 AND
2 1 690 691 673 AND
2 1 692 693 674 AND
2 1 694 695 675 AND
2 1 696 697 676 AND
1 1 683 662 INV
1 1 690 647 INV
1 1 684 655 INV
1 1 664 677 INV
1 1 682 661 INV
1 1 696 657 INV
1 1 692 653 INV
1 1 688 651 INV
1 1 21 679 INV
1 1 342 665 INV
1 1 686 659 INV
1 1 694 649 INV
1 1 680 645 INV
2 1 698 699 686 XOR
2 1 700 701 680 XOR
2 1 702 703 690 XOR
2 1 704 705 692 XOR
2 1 706 707 688 XOR
1 1 646 681 INV
2 1 708 709 646 AND
1 1 648 691 INV
2 1 710 711 648 AND
1 1 660 687 INV
2 1 712 713 660 AND
1 1 652 689 INV
2 1 714 715 652 AND
1 1 654 693 INV
2 1 716 717 654 AND
1 1 656 685 INV
2 1 718 719 656 AND
2 1 720 721 696 XOR
1 1 722 718 INV
1 1 650 695 INV
1 1 723 710 INV
1 1 724 714 INV
1 1 725 708 INV
1 1 726 712 INV
1 1 658 697 INV
2 1 698 727 722 AND
2 1 728 729 650 AND
2 1 706 730 723 AND
2 1 731 721 724 AND
2 1 705 732 725 AND
2 1 701 733 726 AND
2 1 734 735 658 AND
1 1 736 716 INV
2 1 702 737 736 AND
2 1 738 739 684 XOR
2 1 740 741 683 XOR
2 1 742 18 700 XOR
2 1 743 54 703 XOR
2 1 744 108 707 XOR
2 1 745 38 704 XOR
2 1 746 26 699 XOR
1 1 747 727 INV
1 1 748 734 INV
1 1 749 728 INV
1 1 750 709 INV
1 1 751 713 INV
1 1 752 717 INV
1 1 753 719 INV
1 1 754 733 INV
1 1 755 711 INV
2 1 746 26 747 AND
2 1 756 757 748 AND
2 1 758 759 749 AND
2 1 760 761 750 AND
2 1 762 763 751 AND
2 1 764 765 752 AND
2 1 766 767 753 AND
2 1 742 18 754 AND
2 1 768 769 755 AND
1 1 770 737 INV
1 1 771 730 INV
1 1 772 732 INV
2 1 743 54 770 AND
2 1 744 108 771 AND
2 1 745 38 772 AND
2 1 773 774 664 XOR
2 1 775 164 721 XOR
2 1 776 777 702 XOR
2 1 778 41 705 XOR
2 1 779 23 698 XOR
2 1 780 21 701 XOR
2 1 781 104 706 XOR
1 1 745 760 INV
2 1 782 783 745 AND
1 1 742 762 INV
2 1 784 785 742 AND
1 1 744 768 INV
2 1 786 787 744 AND
1 1 740 756 INV
2 1 788 789 740 AND
1 1 739 759 INV
2 1 790 791 739 AND
1 1 746 766 INV
2 1 792 793 746 AND
1 1 743 764 INV
2 1 794 795 743 AND
2 1 796 161 720 XOR
1 1 797 715 INV
1 1 798 790 INV
1 1 799 794 INV
1 1 800 786 INV
1 1 801 782 INV
1 1 802 788 INV
1 1 803 784 INV
1 1 804 792 INV
1 1 805 731 INV
2 1 806 807 797 AND
2 1 808 104 798 AND
2 1 809 26 799 AND
2 1 810 18 800 AND
2 1 811 343 801 AND
2 1 54 812 802 AND
2 1 813 285 803 AND
2 1 814 164 804 AND
2 1 796 161 805 AND
2 1 761 520 682 XOR
2 1 387 815 694 XOR
2 1 408 816 780 XOR
2 1 422 343 776 XOR
2 1 400 817 779 XOR
2 1 818 282 741 XOR
2 1 763 462 775 XOR
2 1 416 818 778 XOR
2 1 54 544 773 XOR
2 1 392 777 738 XOR
2 1 434 767 781 XOR
1 1 819 813 INV
1 1 820 735 INV
1 1 821 758 INV
1 1 822 812 INV
1 1 823 810 INV
1 1 824 808 INV
1 1 825 793 INV
1 1 826 809 INV
1 1 663 678 INV
1 1 796 806 INV
2 1 827 41 819 AND
2 1 818 828 820 AND
2 1 829 777 821 AND
2 1 830 343 822 AND
2 1 831 164 823 AND
2 1 832 23 824 AND
2 1 408 679 825 AND
2 1 833 104 826 AND
2 1 834 815 663 AND
2 1 761 835 796 AND
1 1 836 811 INV
1 1 837 791 INV
1 1 838 814 INV
1 1 839 785 INV
1 1 840 789 INV
1 1 841 795 INV
1 1 842 787 INV
1 1 843 783 INV
1 1 844 757 INV
1 1 845 729 INV
2 1 846 61 836 AND
2 1 400 847 837 AND
2 1 848 21 838 AND
2 1 416 815 839 AND
2 1 544 774 840 AND
2 1 434 817 841 AND
2 1 462 816 842 AND
2 1 422 777 843 AND
2 1 285 282 844 AND
2 1 392 61 845 AND
1 1 520 835 INV
1 1 416 827 INV
1 1 434 833 INV
1 1 544 830 INV
1 1 392 829 INV
1 1 23 847 INV
1 1 422 846 INV
1 1 282 828 INV
1 1 41 815 INV
1 1 38 761 INV
1 1 54 765 INV
1 1 164 816 INV
1 1 387 834 INV
1 1 161 807 INV
1 1 462 831 INV
1 1 408 848 INV
1 1 400 832 INV
1 1 108 769 INV
1 1 343 774 INV
1 1 26 767 INV
1 1 18 763 INV
1 1 104 817 INV
1 1 285 818 INV
1 1 61 777 INV
