528 551
8 8 16
1 1 1 2 INV
2 1 3 4 1 NOR
2 1 5 6 7 XOR
2 1 8 9 3 NOR
1 1 8 5 INV
2 1 10 11 12 XOR
2 1 13 14 8 NOR
2 1 15 16 17 XOR
2 1 18 19 20 XOR
2 1 21 22 13 NOR
2 1 23 24 25 NAND
2 1 26 27 28 NAND
2 1 29 30 31 XOR
2 1 32 33 34 XOR
2 1 35 36 37 XOR
1 1 38 15 INV
1 1 39 18 INV
1 1 21 10 INV
2 1 40 41 38 NOR
2 1 42 43 39 NOR
2 1 44 45 21 NOR
2 1 46 47 48 XOR
2 1 40 49 26 NAND
2 1 42 50 23 NAND
2 1 51 52 53 XOR
2 1 14 22 11 NOR
2 1 4 9 6 NOR
2 1 54 55 40 NOR
2 1 45 56 35 NOR
2 1 57 56 44 NOR
2 1 36 58 59 NOR
2 1 60 61 42 NOR
2 1 62 63 32 NOR
2 1 64 65 29 NOR
2 1 66 61 43 NOR
2 1 67 55 41 NOR
2 1 63 68 60 NOR
2 1 65 69 54 NOR
2 1 70 71 22 NOR
2 1 63 72 51 NOR
2 1 65 73 46 NOR
2 1 74 75 56 NOR
2 1 76 77 9 NOR
1 1 36 57 INV
2 1 78 79 80 XOR
2 1 66 72 62 NOR
2 1 67 73 64 NOR
2 1 81 82 83 XOR
3 1 84 85 86 4 AND
3 1 84 87 88 14 AND
3 1 84 89 90 45 AND
2 1 91 92 36 NOR
2 1 93 94 70 NOR
2 1 95 96 71 NOR
2 1 95 97 75 NOR
2 1 98 93 76 NOR
2 1 99 95 77 NOR
2 1 100 101 65 NOR
2 1 102 103 63 NOR
1 1 52 66 INV
1 1 47 67 INV
2 1 93 104 74 NOR
2 1 100 101 73 AND
2 1 105 106 92 NAND
2 1 107 108 91 NAND
2 1 102 103 72 AND
2 1 95 93 84 NOR
2 1 109 110 52 NAND
2 1 111 112 47 NAND
1 1 113 30 INV
1 1 95 107 INV
1 1 93 105 INV
2 1 114 79 109 NAND
2 1 115 82 111 NAND
2 1 116 117 78 NOR
2 1 55 69 113 NOR
2 1 118 119 81 NOR
2 1 120 121 95 NOR
2 1 122 123 93 NOR
1 1 124 33 INV
1 1 98 85 INV
1 1 99 86 INV
2 1 125 126 127 XOR
2 1 128 129 130 XOR
3 1 131 132 133 100 XOR
3 1 134 135 136 102 XOR
2 1 61 68 124 NOR
2 1 137 138 98 XOR
2 1 139 140 99 XOR
1 1 119 115 INV
1 1 117 114 INV
2 1 137 141 120 NOR
2 1 139 142 122 NOR
2 1 143 144 119 NOR
2 1 145 146 117 NOR
2 1 147 148 61 NOR
2 1 149 150 55 NOR
1 1 112 118 INV
1 1 110 116 INV
2 1 149 150 69 AND
2 1 143 144 112 NAND
2 1 147 148 68 AND
2 1 145 146 110 NAND
2 1 151 152 79 NAND
2 1 153 154 82 NAND
2 1 155 126 153 NAND
2 1 156 129 151 NAND
2 1 157 158 101 NOR
2 1 159 160 103 NOR
2 1 161 162 147 NAND
2 1 163 164 149 NAND
2 1 165 166 139 NOR
2 1 167 168 137 NOR
1 1 94 87 INV
1 1 96 88 INV
3 1 169 170 171 150 XOR
2 1 156 152 128 AND
3 1 172 173 174 145 XOR
3 1 175 176 177 143 XOR
2 1 155 154 125 AND
3 1 178 179 180 148 XOR
2 1 181 182 94 XOR
2 1 183 184 96 XOR
2 1 175 185 157 AND
2 1 186 132 163 NAND
2 1 181 187 167 NOR
2 1 183 188 165 NOR
2 1 189 190 154 NAND
2 1 49 27 16 AND
2 1 50 24 19 AND
1 1 97 90 INV
1 1 104 89 INV
2 1 172 191 159 AND
2 1 192 135 161 NAND
2 1 193 194 156 NAND
3 1 195 196 197 155 NAND
2 1 198 199 152 NAND
2 1 200 201 97 XOR
2 1 202 203 104 XOR
2 1 126 204 205 NOR
2 1 129 206 207 NOR
2 1 208 133 186 NAND
2 1 209 136 192 NAND
2 1 210 211 49 NAND
2 1 212 213 50 NAND
2 1 214 215 181 NOR
2 1 216 217 183 NOR
1 1 198 193 INV
2 1 131 218 164 NAND
2 1 134 219 162 NAND
2 1 220 221 198 XOR
2 1 196 197 189 NAND
2 1 222 223 135 XOR
2 1 224 225 172 XOR
2 1 226 227 175 XOR
2 1 228 229 132 XOR
1 1 230 24 INV
1 1 231 27 INV
1 1 178 212 INV
1 1 169 210 INV
1 1 131 208 INV
1 1 134 209 INV
2 1 232 203 214 NOR
2 1 233 201 216 NOR
2 1 176 177 158 NOR
2 1 173 174 160 NOR
2 1 220 221 146 NOR
2 1 179 180 230 NOR
2 1 234 235 144 NOR
2 1 170 171 231 NOR
2 1 222 223 178 NOR
2 1 228 229 169 NOR
2 1 226 227 131 NOR
2 1 224 225 134 NOR
2 1 220 236 129 NOR
2 1 234 237 126 NOR
2 1 238 234 196 NAND
2 1 239 235 197 NAND
2 1 174 173 191 NAND
2 1 240 241 204 AND
2 1 177 176 185 NAND
2 1 242 243 206 AND
2 1 141 121 138 NOR
2 1 233 217 200 NOR
2 1 187 168 182 NOR
2 1 188 166 184 NOR
2 1 232 215 202 NOR
2 1 142 123 140 NOR
2 1 244 245 106 NOR
2 1 246 247 108 NOR
1 1 235 238 INV
1 1 133 218 INV
1 1 234 239 INV
1 1 201 246 INV
2 1 248 249 240 NAND
2 1 250 251 247 NOR
2 1 252 249 245 NOR
2 1 251 253 241 NAND
2 1 254 253 232 NOR
2 1 255 248 233 NOR
2 1 256 257 188 NOR
2 1 258 259 142 NOR
2 1 260 261 141 NOR
2 1 262 263 187 NOR
2 1 255 248 217 AND
2 1 258 259 123 AND
2 1 257 249 235 NAND
2 1 256 260 179 NAND
2 1 258 262 180 NAND
2 1 259 253 229 NAND
2 1 257 261 170 NAND
2 1 258 254 223 NAND
2 1 248 261 133 NAND
2 1 248 253 234 NAND
2 1 248 263 177 NAND
2 1 250 251 201 NAND
2 1 255 262 174 NAND
2 1 255 254 220 NAND
1 1 194 199 INV
1 1 195 190 INV
1 1 236 264 INV
1 1 237 265 INV
1 1 203 244 INV
1 1 136 219 INV
2 1 250 254 243 NAND
2 1 258 260 213 NAND
2 1 259 261 211 NAND
2 1 255 252 242 NAND
2 1 250 262 194 NAND
2 1 251 263 195 NAND
2 1 250 252 236 NAND
2 1 251 249 237 NAND
2 1 254 253 215 AND
2 1 260 261 121 AND
2 1 256 257 166 AND
2 1 262 263 168 AND
2 1 257 253 226 NAND
2 1 256 262 222 NAND
2 1 257 263 228 NAND
2 1 259 249 227 NAND
2 1 259 263 171 NAND
2 1 256 252 221 NAND
2 1 256 254 224 NAND
2 1 258 252 225 NAND
2 1 252 249 203 NAND
2 1 250 260 173 NAND
2 1 251 261 176 NAND
2 1 255 260 136 NAND
2 1 91 92 58 AND
2 1 266 267 268 NAND
3 1 269 2 84 270 XOR
2 1 269 271 266 NAND
2 1 272 273 269 NAND
3 1 274 275 7 276 XOR
1 1 277 272 INV
2 1 274 278 277 NOR
2 1 279 280 274 NOR
3 1 281 282 283 284 XOR
2 1 281 285 279 NOR
2 1 286 287 281 NOR
3 1 288 289 290 291 XOR
2 1 288 292 286 AND
3 1 293 294 295 296 XOR
2 1 297 298 288 NAND
2 1 293 299 297 NAND
3 1 300 301 302 303 XOR
1 1 304 298 INV
2 1 294 295 304 NOR
2 1 289 290 287 NOR
2 1 289 290 292 NAND
2 1 294 295 299 NAND
2 1 305 306 293 NAND
2 1 307 282 280 NOR
2 1 308 309 290 NOR
2 1 310 300 305 NAND
2 1 307 282 285 AND
3 1 311 312 313 314 XOR
3 1 37 315 316 289 XOR
3 1 317 59 318 294 XOR
2 1 317 319 308 NOR
1 1 320 310 INV
2 1 301 302 320 NOR
1 1 307 283 INV
2 1 321 322 307 NOR
2 1 301 302 306 NAND
2 1 323 324 300 NAND
2 1 325 315 321 NOR
2 1 326 327 317 NOR
2 1 328 312 323 NAND
3 1 329 330 331 295 XOR
3 1 12 332 333 282 XOR
3 1 334 335 336 301 XOR
2 1 37 316 325 NOR
2 1 337 7 273 NAND
2 1 337 7 278 NOR
2 1 338 339 315 NOR
2 1 37 316 322 AND
2 1 340 334 326 AND
2 1 311 313 324 NAND
2 1 341 342 328 NAND
2 1 59 318 319 NOR
1 1 275 337 INV
2 1 343 332 275 NOR
2 1 312 344 345 NOR
2 1 346 330 338 NOR
2 1 59 318 309 AND
2 1 347 348 334 XOR
2 1 349 350 316 XOR
1 1 311 341 INV
2 1 351 352 311 XOR
2 1 347 348 318 NOR
2 1 349 350 332 NOR
2 1 329 331 339 NOR
2 1 351 352 302 NOR
2 1 353 354 312 NOR
2 1 335 336 327 NOR
2 1 355 333 343 NOR
2 1 354 353 344 AND
2 1 336 335 340 NAND
2 1 329 331 346 AND
1 1 356 271 INV
2 1 2 84 356 NOR
2 1 89 108 353 NAND
2 1 86 87 350 NAND
2 1 85 88 349 NAND
2 1 85 90 330 NAND
2 1 87 90 347 NAND
2 1 88 89 348 NAND
2 1 86 85 333 NAND
2 1 85 108 335 NAND
1 1 342 313 INV
2 1 2 84 267 NAND
2 1 106 108 357 AND
2 1 90 106 354 NAND
2 1 90 89 352 NAND
2 1 88 106 351 NAND
2 1 86 106 336 NAND
2 1 86 89 329 NAND
2 1 88 87 331 NAND
2 1 87 108 342 NAND
1 1 12 355 INV
3 1 358 20 25 359 XOR
2 1 360 361 358 NOR
2 1 362 363 364 XOR
2 1 362 365 360 NOR
2 1 366 367 362 NOR
2 1 368 369 370 XOR
2 1 371 372 366 NOR
1 1 371 368 INV
2 1 373 374 371 NOR
2 1 375 376 377 XOR
2 1 378 379 373 NOR
1 1 378 375 INV
2 1 380 381 378 NOR
2 1 382 383 384 XOR
2 1 385 386 380 NOR
1 1 385 382 INV
2 1 387 388 385 NOR
2 1 389 390 391 XOR
2 1 392 393 387 NOR
1 1 392 389 INV
2 1 394 395 392 NOR
2 1 396 397 398 XOR
2 1 399 400 394 NOR
1 1 397 399 INV
2 1 401 402 397 NAND
2 1 403 404 405 XOR
2 1 404 406 401 NAND
2 1 407 408 404 NOR
2 1 409 410 411 XOR
2 1 412 410 407 NOR
2 1 413 414 410 NOR
2 1 415 416 417 XOR
2 1 418 416 413 NOR
2 1 419 420 421 XOR
2 1 422 423 416 NOR
2 1 367 372 369 NOR
2 1 424 423 419 NOR
2 1 395 400 396 NOR
2 1 374 379 376 NOR
2 1 381 386 383 NOR
2 1 388 393 390 NOR
1 1 425 363 INV
2 1 420 424 422 NOR
2 1 420 426 427 NOR
2 1 418 414 415 NOR
2 1 406 402 403 AND
2 1 361 365 425 NOR
2 1 412 408 409 NOR
1 1 428 406 INV
2 1 429 430 393 NOR
2 1 431 432 372 NOR
2 1 433 434 428 NOR
2 1 435 436 408 NOR
2 1 437 438 400 NOR
2 1 439 440 379 NOR
2 1 441 442 414 NOR
2 1 443 444 386 NOR
2 1 445 446 423 NOR
2 1 447 448 365 NOR
2 1 449 265 420 NOR
2 1 449 265 426 AND
2 1 433 434 402 NAND
2 1 429 430 388 AND
2 1 440 439 374 AND
2 1 443 444 381 AND
2 1 447 448 361 AND
2 1 437 438 395 AND
2 1 445 446 424 AND
2 1 435 436 412 AND
2 1 431 432 367 AND
2 1 441 442 418 AND
1 1 20 448 INV
1 1 450 449 INV
3 1 451 452 31 437 XOR
3 1 453 454 48 433 XOR
3 1 455 456 83 435 XOR
3 1 457 458 17 429 XOR
3 1 459 460 28 443 XOR
1 1 461 436 INV
2 1 462 463 461 NOR
2 1 464 465 434 NAND
2 1 466 467 430 NAND
2 1 468 469 444 NAND
2 1 470 471 439 NAND
2 1 472 473 438 NAND
3 1 474 475 127 441 XOR
2 1 476 477 442 NAND
2 1 478 479 464 NAND
2 1 474 480 462 AND
2 1 481 482 466 NAND
2 1 483 484 468 NAND
2 1 485 486 470 NAND
2 1 487 488 431 NAND
2 1 489 490 472 NAND
3 1 491 207 205 446 XOR
3 1 492 270 53 440 XOR
2 1 493 48 490 NAND
2 1 492 494 487 NAND
2 1 495 83 479 NAND
2 1 491 496 476 NAND
2 1 452 497 467 NAND
2 1 498 31 482 NAND
2 1 499 17 484 NAND
2 1 500 28 486 NAND
2 1 456 501 465 NAND
1 1 455 478 INV
1 1 457 483 INV
1 1 451 481 INV
1 1 453 489 INV
1 1 459 485 INV
2 1 458 502 469 NAND
2 1 454 503 473 NAND
2 1 460 504 471 NAND
2 1 48 505 450 XOR
2 1 303 506 455 XOR
2 1 284 507 457 XOR
2 1 314 508 474 XOR
2 1 291 509 451 XOR
2 1 296 510 453 XOR
2 1 276 511 459 XOR
1 1 452 498 INV
2 1 512 513 452 NAND
2 1 514 515 491 NAND
1 1 458 499 INV
2 1 516 517 458 NAND
1 1 456 495 INV
2 1 518 519 456 NAND
1 1 454 493 INV
2 1 520 521 454 NAND
2 1 522 523 492 NAND
1 1 460 500 INV
2 1 524 525 460 NAND
2 1 526 264 512 NAND
2 1 447 527 432 NAND
2 1 475 127 463 NOR
2 1 528 28 520 NAND
2 1 529 17 518 NAND
2 1 48 530 514 NAND
2 1 531 207 516 NAND
2 1 475 127 480 NAND
2 1 532 533 445 NAND
2 1 534 80 522 NAND
2 1 535 130 524 NAND
1 1 536 477 INV
1 1 537 494 INV
1 1 538 447 INV
1 1 475 532 INV
2 1 284 448 525 NAND
2 1 539 34 531 NAND
2 1 207 205 536 NOR
2 1 540 53 526 NAND
2 1 541 264 530 NAND
2 1 270 53 537 NOR
2 1 542 80 528 NAND
2 1 543 25 534 NAND
2 1 544 20 535 NAND
2 1 268 34 538 NOR
2 1 31 345 475 NOR
2 1 314 545 519 NAND
2 1 546 130 529 NAND
2 1 291 547 517 NAND
2 1 303 548 521 NAND
2 1 357 549 515 NAND
2 1 276 550 523 NAND
2 1 296 551 513 NAND
2 1 270 53 488 NAND
2 1 268 34 527 NAND
2 1 207 205 496 NAND
2 1 31 345 533 NAND
1 1 291 539 INV
1 1 284 544 INV
1 1 83 501 INV
1 1 31 497 INV
1 1 28 504 INV
1 1 80 548 INV
1 1 17 502 INV
1 1 264 549 INV
1 1 25 550 INV
1 1 357 541 INV
1 1 276 543 INV
1 1 296 540 INV
1 1 314 546 INV
1 1 303 542 INV
1 1 34 547 INV
1 1 130 545 INV
1 1 48 503 INV
1 1 53 551 INV
