756 775
8 8 16
1 1 1 2 INV
2 1 3 4 1 AND
2 1 5 6 7 XOR
1 1 8 3 INV
2 1 5 9 8 AND
1 1 10 5 INV
2 1 11 12 13 XOR
2 1 14 15 10 AND
2 1 16 17 18 XOR
2 1 19 20 21 XOR
1 1 22 23 INV
1 1 24 14 INV
1 1 25 26 INV
2 1 27 28 22 AND
2 1 29 30 24 AND
2 1 31 32 25 AND
2 1 33 34 35 XOR
3 1 36 37 38 39 XOR
3 1 40 41 42 43 XOR
1 1 44 16 INV
1 1 45 19 INV
1 1 11 29 INV
2 1 46 47 44 AND
2 1 48 49 45 AND
2 1 50 51 11 AND
1 1 52 31 INV
1 1 53 27 INV
3 1 54 55 56 57 XOR
2 1 58 59 52 AND
2 1 60 61 53 AND
3 1 62 63 64 65 XOR
1 1 66 12 INV
1 1 58 47 INV
2 1 15 30 66 AND
2 1 4 9 6 AND
2 1 67 68 58 AND
2 1 51 69 33 AND
1 1 70 50 INV
1 1 60 49 INV
2 1 69 34 70 AND
2 1 71 72 73 XOR
2 1 74 75 36 AND
2 1 76 77 40 AND
2 1 78 79 60 AND
1 1 80 78 INV
1 1 81 46 INV
1 1 82 67 INV
1 1 83 74 INV
1 1 84 48 INV
1 1 85 9 INV
1 1 86 69 INV
2 1 77 87 80 AND
2 1 88 68 81 AND
2 1 75 89 82 AND
2 1 88 90 83 AND
2 1 91 79 84 AND
2 1 92 93 85 AND
2 1 94 95 86 AND
1 1 96 76 INV
1 1 97 4 INV
1 1 98 30 INV
1 1 99 51 INV
1 1 100 15 INV
2 1 91 101 96 AND
3 1 102 103 104 105 XOR
3 1 106 107 108 109 XOR
3 1 110 111 112 97 AND
2 1 113 114 98 AND
3 1 110 115 116 99 AND
3 1 110 117 118 100 AND
2 1 72 71 34 AND
1 1 119 101 INV
1 1 120 90 INV
1 1 121 77 INV
1 1 122 75 INV
1 1 54 88 INV
1 1 62 91 INV
2 1 123 64 119 AND
2 1 124 56 120 AND
2 1 63 125 121 AND
2 1 55 126 122 AND
2 1 127 128 110 AND
2 1 129 130 54 AND
2 1 131 132 62 AND
1 1 133 95 INV
1 1 134 93 INV
1 1 135 114 INV
1 1 136 113 INV
1 1 137 92 INV
1 1 138 94 INV
2 1 128 115 133 AND
2 1 127 112 134 AND
2 1 127 118 135 AND
2 1 128 117 136 AND
2 1 128 111 137 AND
2 1 127 116 138 AND
2 1 128 139 71 AND
2 1 127 140 72 AND
1 1 141 131 INV
1 1 142 129 INV
1 1 143 127 INV
1 1 144 128 INV
2 1 145 146 141 AND
3 1 147 148 149 150 XOR
2 1 151 152 142 AND
2 1 153 154 143 AND
2 1 155 156 144 AND
1 1 55 124 INV
1 1 63 123 INV
3 1 157 158 159 160 XOR
3 1 161 162 163 55 XOR
3 1 164 165 166 63 XOR
3 1 167 168 169 111 XOR
3 1 170 171 172 112 XOR
1 1 173 153 INV
1 1 174 155 INV
1 1 175 146 INV
1 1 176 152 INV
1 1 102 145 INV
1 1 106 151 INV
2 1 177 178 173 AND
2 1 179 180 174 AND
2 1 181 104 175 AND
2 1 182 108 176 AND
2 1 183 184 102 AND
2 1 185 186 106 AND
1 1 187 130 INV
1 1 188 87 INV
1 1 189 89 INV
1 1 190 132 INV
1 1 191 79 INV
1 1 192 68 INV
2 1 107 193 187 AND
2 1 194 42 188 AND
2 1 195 38 189 AND
2 1 103 196 190 AND
2 1 41 197 191 AND
2 1 37 198 192 AND
1 1 199 185 INV
1 1 37 195 INV
1 1 64 125 INV
1 1 41 194 INV
1 1 56 126 INV
1 1 167 177 INV
1 1 170 179 INV
2 1 200 148 199 AND
2 1 201 202 37 AND
2 1 203 204 64 AND
2 1 205 206 41 AND
2 1 207 208 56 AND
2 1 209 210 167 AND
2 1 211 212 170 AND
1 1 213 183 INV
1 1 42 197 INV
1 1 38 198 INV
1 1 103 181 INV
1 1 107 182 INV
2 1 214 158 213 AND
3 1 215 216 217 42 XOR
3 1 218 219 220 38 XOR
3 1 221 222 223 103 XOR
3 1 224 225 226 107 XOR
3 1 227 228 229 117 XOR
3 1 230 231 232 118 XOR
1 1 233 201 INV
1 1 234 209 INV
1 1 235 211 INV
1 1 236 200 INV
1 1 237 214 INV
2 1 238 161 233 AND
2 1 239 240 234 AND
2 1 241 242 235 AND
2 1 243 244 236 AND
2 1 61 28 20 AND
2 1 245 246 237 AND
2 1 59 32 17 AND
1 1 247 203 INV
1 1 248 205 INV
1 1 249 207 INV
1 1 250 184 INV
1 1 251 186 INV
2 1 221 252 247 AND
2 1 253 164 248 AND
2 1 224 254 249 AND
2 1 157 159 250 AND
2 1 147 149 251 AND
3 1 255 256 257 116 XOR
3 1 258 259 260 115 XOR
1 1 261 238 INV
1 1 262 253 INV
1 1 263 59 INV
1 1 264 61 INV
1 1 227 239 INV
1 1 230 241 INV
2 1 265 266 267 AND
2 1 268 269 270 AND
2 1 271 272 261 AND
2 1 273 274 262 AND
2 1 275 276 263 AND
2 1 277 278 264 AND
2 1 279 280 227 AND
2 1 281 282 230 AND
1 1 283 202 INV
1 1 284 206 INV
1 1 157 245 INV
1 1 147 243 INV
2 1 162 163 283 AND
2 1 165 166 284 AND
2 1 285 286 157 XOR
2 1 287 288 147 XOR
2 1 289 290 221 XOR
2 1 291 292 224 XOR
2 1 293 294 164 XOR
2 1 295 296 161 XOR
1 1 297 252 INV
1 1 298 254 INV
1 1 299 266 INV
1 1 300 269 INV
1 1 301 279 INV
1 1 302 281 INV
1 1 303 204 INV
1 1 304 32 INV
1 1 218 275 INV
1 1 148 265 INV
2 1 305 306 297 AND
2 1 307 308 298 AND
2 1 309 310 299 AND
2 1 311 312 300 AND
2 1 313 258 301 AND
2 1 314 255 302 AND
2 1 222 223 303 AND
2 1 219 220 304 AND
2 1 295 296 218 AND
2 1 288 315 148 AND
1 1 316 208 INV
1 1 317 28 INV
1 1 193 108 INV
1 1 196 104 INV
1 1 215 277 INV
1 1 162 271 INV
1 1 158 268 INV
1 1 165 273 INV
2 1 225 226 316 AND
2 1 216 217 317 AND
2 1 318 319 139 XOR
2 1 320 321 140 XOR
2 1 287 288 193 AND
2 1 285 286 196 AND
2 1 293 294 215 AND
2 1 291 292 162 AND
2 1 286 322 158 AND
2 1 289 290 165 AND
1 1 323 311 INV
1 1 324 276 INV
1 1 325 309 INV
1 1 326 314 INV
1 1 327 180 INV
1 1 328 242 INV
1 1 329 313 INV
1 1 330 212 INV
1 1 149 244 INV
1 1 331 240 INV
1 1 332 178 INV
1 1 333 282 INV
1 1 226 308 INV
1 1 222 305 INV
2 1 256 318 323 AND
2 1 172 169 324 AND
2 1 257 319 325 AND
2 1 334 335 326 AND
2 1 171 336 327 AND
2 1 231 337 328 AND
2 1 338 339 329 AND
2 1 340 232 330 AND
2 1 321 319 315 AND
2 1 321 229 149 AND
2 1 228 341 331 AND
2 1 168 342 332 AND
2 1 256 257 333 AND
2 1 343 344 216 AND
2 1 340 259 290 AND
2 1 232 319 287 AND
2 1 172 260 295 AND
2 1 172 229 219 AND
2 1 320 321 255 AND
2 1 321 169 226 AND
2 1 256 344 222 AND
2 1 318 319 258 AND
2 1 257 260 288 AND
1 1 345 312 INV
1 1 346 310 INV
1 1 347 278 INV
1 1 348 154 INV
1 1 159 246 INV
1 1 349 156 INV
1 1 350 280 INV
1 1 351 210 INV
1 1 166 274 INV
1 1 163 272 INV
1 1 223 306 INV
1 1 225 307 INV
2 1 320 259 345 AND
2 1 321 260 346 AND
2 1 343 352 347 AND
2 1 352 169 348 AND
2 1 320 344 159 AND
2 1 343 172 349 AND
2 1 259 260 350 AND
2 1 320 318 322 AND
2 1 344 229 351 AND
2 1 172 319 291 AND
2 1 340 318 285 AND
2 1 232 260 292 AND
2 1 343 318 289 AND
2 1 340 352 217 AND
2 1 343 259 293 AND
2 1 232 169 220 AND
2 1 232 229 296 AND
2 1 340 344 294 AND
2 1 256 259 286 AND
2 1 256 352 166 AND
2 1 257 169 163 AND
2 1 320 352 223 AND
2 1 257 229 225 AND
1 1 344 228 INV
1 1 232 337 INV
1 1 352 168 INV
1 1 259 338 INV
1 1 257 335 INV
1 1 169 342 INV
1 1 260 339 INV
1 1 256 334 INV
1 1 229 341 INV
1 1 172 336 INV
1 1 340 231 INV
1 1 343 171 INV
1 1 353 354 INV
2 1 355 356 353 AND
3 1 357 2 358 359 XOR
1 1 360 355 INV
2 1 361 362 360 AND
1 1 357 361 INV
2 1 363 364 357 AND
3 1 365 7 366 367 XOR
1 1 368 363 INV
2 1 369 370 368 AND
1 1 365 369 INV
2 1 371 372 365 AND
3 1 373 374 375 376 XOR
1 1 377 371 INV
2 1 378 379 377 AND
1 1 373 378 INV
2 1 380 381 373 AND
3 1 382 383 384 385 XOR
1 1 386 380 INV
2 1 387 388 386 AND
3 1 389 390 391 392 XOR
1 1 382 388 INV
2 1 393 394 382 AND
1 1 395 393 INV
2 1 396 397 395 AND
3 1 398 399 400 401 XOR
1 1 389 397 INV
2 1 402 403 389 AND
1 1 404 381 INV
2 1 405 384 404 AND
1 1 406 394 INV
2 1 390 407 406 AND
1 1 408 396 INV
2 1 409 391 408 AND
1 1 410 387 INV
2 1 383 411 410 AND
1 1 383 405 INV
2 1 412 413 383 AND
1 1 414 402 INV
2 1 415 416 414 AND
1 1 417 379 INV
2 1 374 418 417 AND
1 1 419 372 INV
2 1 420 375 419 AND
1 1 411 384 INV
3 1 35 421 422 411 XOR
3 1 423 424 425 426 XOR
1 1 390 409 INV
3 1 73 427 428 390 XOR
1 1 398 416 INV
2 1 429 430 398 AND
1 1 374 420 INV
2 1 431 432 374 AND
1 1 433 415 INV
2 1 434 400 433 AND
1 1 435 412 INV
2 1 436 427 435 AND
1 1 437 403 INV
2 1 399 438 437 AND
1 1 439 431 INV
2 1 440 441 439 AND
1 1 391 407 INV
2 1 442 443 391 AND
1 1 444 429 INV
2 1 445 425 444 AND
1 1 375 418 INV
2 1 13 446 375 XOR
1 1 399 434 INV
3 1 447 448 449 399 XOR
3 1 450 451 452 427 XOR
1 1 453 440 INV
2 1 454 455 453 AND
1 1 421 441 INV
2 1 456 457 421 AND
1 1 458 445 INV
2 1 459 460 458 AND
1 1 461 442 INV
2 1 462 449 461 AND
1 1 463 364 INV
2 1 7 464 463 AND
1 1 465 370 INV
2 1 466 366 465 AND
1 1 467 430 INV
2 1 423 424 467 AND
1 1 468 432 INV
2 1 35 422 468 AND
1 1 366 464 INV
2 1 469 470 366 AND
1 1 471 436 INV
2 1 472 473 471 AND
1 1 474 456 INV
2 1 475 451 474 AND
2 1 470 476 446 AND
1 1 477 413 INV
2 1 73 428 477 AND
2 1 478 479 480 XOR
1 1 422 455 INV
2 1 481 482 422 XOR
2 1 483 484 449 XOR
1 1 423 459 INV
2 1 485 486 423 XOR
1 1 487 462 INV
2 1 488 489 487 AND
1 1 490 475 INV
2 1 491 492 490 AND
1 1 428 473 INV
2 1 483 484 428 AND
1 1 493 443 INV
2 1 448 447 493 AND
1 1 494 457 INV
2 1 450 452 494 AND
1 1 495 469 INV
2 1 13 476 495 AND
1 1 496 470 INV
2 1 482 481 496 AND
2 1 478 479 425 AND
1 1 438 400 INV
2 1 485 486 438 AND
1 1 497 362 INV
1 1 450 491 INV
1 1 448 488 INV
1 1 424 460 INV
1 1 447 489 INV
2 1 498 358 497 AND
2 1 111 112 476 AND
2 1 111 116 451 AND
2 1 117 116 484 AND
2 1 118 115 483 AND
2 1 112 115 450 AND
2 1 111 140 448 AND
2 1 117 140 424 AND
2 1 112 139 447 AND
1 1 499 356 INV
1 1 452 492 INV
2 1 2 110 499 AND
2 1 139 140 500 AND
2 1 116 139 479 AND
2 1 115 140 478 AND
2 1 112 117 481 AND
2 1 118 139 485 AND
2 1 111 118 482 AND
2 1 115 116 486 AND
2 1 117 118 452 AND
1 1 2 498 INV
1 1 73 472 INV
1 1 110 358 INV
1 1 7 466 INV
1 1 35 454 INV
3 1 501 21 23 502 XOR
2 1 503 504 501 AND
3 1 505 506 21 507 XOR
1 1 508 503 INV
2 1 509 510 508 AND
1 1 505 509 INV
2 1 511 512 505 AND
3 1 513 514 515 516 XOR
1 1 517 511 INV
2 1 518 519 517 AND
1 1 513 518 INV
2 1 520 521 513 AND
3 1 522 523 524 525 XOR
1 1 526 520 INV
2 1 527 528 526 AND
1 1 522 527 INV
2 1 529 530 522 AND
3 1 531 532 533 534 XOR
1 1 535 529 INV
2 1 536 537 535 AND
1 1 531 536 INV
2 1 538 539 531 AND
3 1 540 541 542 543 XOR
1 1 544 538 INV
2 1 545 546 544 AND
1 1 540 545 INV
2 1 547 548 540 AND
3 1 549 550 551 552 XOR
1 1 553 547 INV
2 1 554 555 553 AND
1 1 549 554 INV
2 1 556 557 549 AND
3 1 558 559 560 561 XOR
1 1 562 556 INV
2 1 563 558 562 AND
2 1 564 565 558 AND
3 1 566 567 568 569 XOR
1 1 570 564 INV
2 1 571 572 570 AND
1 1 566 571 INV
2 1 573 574 566 AND
3 1 575 576 577 578 XOR
1 1 579 573 INV
2 1 580 581 579 AND
3 1 582 583 584 585 XOR
1 1 575 580 INV
2 1 586 587 575 AND
1 1 588 586 INV
2 1 589 590 588 AND
2 1 590 591 592 AND
1 1 593 546 INV
1 1 594 563 INV
1 1 595 519 INV
1 1 596 565 INV
1 1 597 555 INV
1 1 598 528 INV
1 1 599 574 INV
1 1 600 537 INV
1 1 601 587 INV
1 1 602 510 INV
1 1 583 590 INV
2 1 541 603 593 AND
2 1 604 605 594 AND
2 1 606 514 595 AND
2 1 607 608 596 AND
2 1 550 609 597 AND
2 1 610 524 598 AND
2 1 611 612 599 AND
2 1 532 613 600 AND
2 1 614 615 601 AND
2 1 616 21 602 AND
2 1 617 618 583 AND
1 1 619 591 INV
1 1 620 504 INV
1 1 621 539 INV
1 1 622 589 INV
1 1 623 521 INV
1 1 624 530 INV
1 1 625 572 INV
1 1 626 557 INV
1 1 627 548 INV
1 1 628 512 INV
1 1 629 581 INV
2 1 630 315 619 AND
2 1 506 631 620 AND
2 1 632 542 621 AND
2 1 582 584 622 AND
2 1 523 633 623 AND
2 1 634 533 624 AND
2 1 567 568 625 AND
2 1 559 560 626 AND
2 1 635 551 627 AND
2 1 515 636 628 AND
2 1 576 577 629 AND
1 1 584 615 INV
1 1 559 604 INV
1 1 523 610 INV
1 1 617 630 INV
1 1 582 614 INV
1 1 576 611 INV
1 1 635 550 INV
1 1 567 607 INV
1 1 21 631 INV
1 1 315 618 INV
1 1 634 532 INV
1 1 515 606 INV
1 1 632 541 INV
3 1 637 638 26 634 XOR
3 1 639 640 18 632 XOR
3 1 641 642 57 559 XOR
3 1 643 644 39 635 XOR
3 1 645 646 109 567 XOR
1 1 603 542 INV
2 1 647 648 603 AND
1 1 605 560 INV
2 1 649 650 605 AND
1 1 613 533 INV
2 1 651 652 613 AND
1 1 608 568 INV
2 1 653 654 608 AND
1 1 609 551 INV
2 1 655 656 609 AND
1 1 524 633 INV
2 1 657 658 524 AND
3 1 659 660 150 576 XOR
1 1 612 577 INV
2 1 661 662 612 AND
1 1 514 636 INV
2 1 663 664 514 AND
1 1 665 649 INV
2 1 645 666 665 AND
1 1 667 653 INV
2 1 668 659 667 AND
1 1 669 647 INV
2 1 670 643 669 AND
1 1 671 651 INV
2 1 639 672 671 AND
1 1 673 657 INV
2 1 637 674 673 AND
1 1 675 655 INV
2 1 641 676 675 AND
3 1 677 359 678 523 XOR
3 1 679 680 267 584 XOR
1 1 681 674 INV
1 1 682 661 INV
1 1 683 663 INV
1 1 684 648 INV
1 1 685 652 INV
1 1 686 656 INV
1 1 687 658 INV
1 1 688 672 INV
1 1 689 650 INV
2 1 638 26 681 AND
2 1 690 691 682 AND
2 1 692 693 683 AND
2 1 694 695 684 AND
2 1 696 697 685 AND
2 1 698 699 686 AND
2 1 700 701 687 AND
2 1 640 18 688 AND
2 1 702 703 689 AND
1 1 704 676 INV
1 1 705 666 INV
1 1 706 670 INV
2 1 642 57 704 AND
2 1 646 109 705 AND
2 1 644 39 706 AND
3 1 699 500 322 617 XOR
3 1 697 426 160 659 XOR
3 1 392 678 322 641 XOR
2 1 385 707 643 XOR
2 1 367 708 637 XOR
2 1 376 709 639 XOR
3 1 401 701 105 645 XOR
1 1 644 694 INV
2 1 710 711 644 AND
1 1 640 696 INV
2 1 712 713 640 AND
1 1 646 702 INV
2 1 714 715 646 AND
1 1 679 690 INV
2 1 716 717 679 AND
1 1 677 693 INV
2 1 718 719 677 AND
1 1 638 700 INV
2 1 720 721 638 AND
1 1 642 698 INV
2 1 722 723 642 AND
1 1 724 722 INV
1 1 725 718 INV
1 1 726 654 INV
1 1 727 714 INV
1 1 728 710 INV
2 1 729 26 724 AND
2 1 730 105 725 AND
2 1 731 732 726 AND
2 1 733 18 727 AND
2 1 734 322 728 AND
1 1 735 716 INV
1 1 736 712 INV
1 1 737 720 INV
1 1 738 668 INV
2 1 57 739 735 AND
2 1 740 270 736 AND
2 1 741 160 737 AND
2 1 660 150 738 AND
2 1 695 480 582 XOR
2 1 354 742 515 XOR
1 1 743 740 INV
1 1 744 662 INV
1 1 745 692 INV
1 1 746 739 INV
1 1 747 733 INV
1 1 748 730 INV
1 1 749 721 INV
1 1 750 729 INV
1 1 616 506 INV
1 1 660 731 INV
2 1 751 43 743 AND
2 1 680 752 744 AND
2 1 753 678 745 AND
2 1 754 322 746 AND
2 1 755 160 747 AND
2 1 756 23 748 AND
2 1 376 631 749 AND
2 1 757 105 750 AND
2 1 758 742 616 AND
2 1 695 759 660 AND
1 1 760 734 INV
1 1 761 719 INV
1 1 762 741 INV
1 1 763 713 INV
1 1 764 717 INV
1 1 765 723 INV
1 1 766 715 INV
1 1 767 711 INV
1 1 768 691 INV
1 1 769 664 INV
2 1 770 65 760 AND
2 1 367 771 761 AND
2 1 772 21 762 AND
2 1 385 742 763 AND
2 1 500 773 764 AND
2 1 401 774 765 AND
2 1 426 775 766 AND
2 1 392 678 767 AND
2 1 270 267 768 AND
2 1 359 65 769 AND
1 1 354 758 INV
1 1 367 756 INV
1 1 401 757 INV
1 1 385 751 INV
1 1 359 753 INV
1 1 23 771 INV
1 1 500 754 INV
1 1 267 752 INV
1 1 43 742 INV
1 1 160 775 INV
1 1 57 699 INV
1 1 270 680 INV
1 1 480 759 INV
1 1 376 772 INV
1 1 426 755 INV
1 1 392 770 INV
1 1 150 732 INV
1 1 109 703 INV
1 1 39 695 INV
1 1 26 701 INV
1 1 18 697 INV
1 1 105 774 INV
1 1 322 773 INV
1 1 65 678 INV
