102 136
8 8 8 8 2 8
1 1 1 2 INV
1 1 3 4 INV
1 1 5 6 INV
1 1 7 8 INV
1 1 9 10 INV
1 1 11 12 INV
1 1 13 14 INV
1 1 15 16 INV
2 1 17 18 11 AND
2 1 19 20 13 AND
2 1 21 22 5 AND
2 1 23 24 3 AND
2 1 25 26 15 AND
2 1 27 28 1 AND
2 1 29 30 9 AND
2 1 31 32 7 AND
2 1 33 34 23 AND
2 1 35 36 20 AND
2 1 37 38 26 AND
2 1 39 40 31 AND
2 1 41 42 22 AND
2 1 43 44 30 AND
2 1 45 46 18 AND
2 1 47 48 32 AND
2 1 49 50 17 AND
2 1 51 52 29 AND
2 1 53 54 21 AND
2 1 55 56 28 AND
2 1 57 58 24 AND
2 1 59 60 19 AND
2 1 61 62 27 AND
2 1 63 64 25 AND
1 1 65 64 INV
1 1 66 63 INV
1 1 67 62 INV
1 1 68 61 INV
1 1 69 50 INV
1 1 70 34 INV
1 1 71 57 INV
1 1 72 33 INV
1 1 73 35 INV
1 1 74 49 INV
1 1 75 60 INV
1 1 76 59 INV
1 1 77 52 INV
1 1 78 37 INV
1 1 79 47 INV
1 1 80 43 INV
1 1 81 40 INV
1 1 82 39 INV
1 1 83 55 INV
1 1 84 51 INV
1 1 85 41 INV
1 1 86 45 INV
1 1 87 53 INV
1 1 88 54 INV
1 1 89 48 INV
1 1 90 44 INV
1 1 91 36 INV
1 1 92 46 INV
2 1 93 94 69 AND
2 1 95 96 71 AND
2 1 97 98 66 AND
2 1 93 99 67 AND
1 1 100 42 INV
2 1 97 101 68 AND
2 1 93 102 70 AND
1 1 103 58 INV
1 1 104 56 INV
2 1 93 105 65 AND
1 1 106 38 INV
2 1 93 107 88 AND
2 1 97 108 87 AND
2 1 95 109 73 AND
2 1 97 110 74 AND
2 1 95 111 79 AND
2 1 93 112 75 AND
2 1 97 113 76 AND
2 1 95 114 80 AND
2 1 95 115 83 AND
2 1 93 116 81 AND
2 1 97 117 82 AND
2 1 97 118 72 AND
2 1 93 119 77 AND
2 1 97 120 84 AND
2 1 95 121 85 AND
2 1 95 122 86 AND
2 1 95 123 78 AND
2 1 124 125 106 AND
2 1 124 126 104 AND
2 1 124 127 103 AND
2 1 124 128 89 AND
2 1 124 129 92 AND
2 1 124 130 91 AND
2 1 124 131 90 AND
2 1 124 132 100 AND
2 1 133 134 93 AND
2 1 135 133 97 AND
2 1 135 136 95 AND
2 1 136 134 124 AND
1 1 134 135 INV
1 1 136 133 INV
