94 128
8 8 8 8 2 8
1 1 1 2 INV
1 1 3 4 INV
1 1 5 6 INV
1 1 7 8 INV
1 1 9 10 INV
1 1 11 12 INV
1 1 13 14 INV
1 1 15 16 INV
3 1 17 18 19 9 AND
3 1 20 21 22 7 AND
3 1 23 24 25 11 AND
3 1 26 27 28 5 AND
3 1 29 30 31 13 AND
3 1 32 33 34 3 AND
3 1 35 36 37 15 AND
3 1 38 39 40 1 AND
2 1 41 42 17 AND
2 1 43 44 20 AND
2 1 45 46 35 AND
2 1 47 48 26 AND
2 1 49 50 23 AND
2 1 51 52 32 AND
2 1 53 54 29 AND
2 1 55 56 38 AND
1 1 57 43 INV
1 1 58 21 INV
1 1 59 25 INV
1 1 60 24 INV
1 1 61 34 INV
1 1 62 31 INV
1 1 63 53 INV
1 1 64 22 INV
1 1 65 30 INV
1 1 66 41 INV
1 1 67 45 INV
1 1 68 33 INV
1 1 69 40 INV
1 1 70 37 INV
1 1 71 36 INV
1 1 72 19 INV
1 1 73 49 INV
1 1 74 18 INV
1 1 75 55 INV
1 1 76 39 INV
1 1 77 47 INV
1 1 78 51 INV
1 1 79 27 INV
1 1 80 28 INV
2 1 81 82 64 AND
1 1 83 46 INV
1 1 84 52 INV
2 1 81 85 61 AND
2 1 86 87 63 AND
1 1 88 48 INV
2 1 89 90 58 AND
2 1 81 91 59 AND
1 1 92 54 INV
2 1 89 93 60 AND
1 1 94 50 INV
1 1 95 44 INV
1 1 96 42 INV
2 1 81 97 62 AND
2 1 86 98 57 AND
1 1 99 56 INV
2 1 81 100 80 AND
2 1 86 101 66 AND
2 1 86 102 67 AND
2 1 89 103 68 AND
2 1 86 104 75 AND
2 1 81 105 70 AND
2 1 89 106 71 AND
2 1 81 107 72 AND
2 1 86 108 73 AND
2 1 89 109 74 AND
2 1 81 110 69 AND
2 1 89 111 76 AND
2 1 86 112 77 AND
2 1 86 113 78 AND
2 1 89 114 79 AND
2 1 89 115 65 AND
2 1 116 117 96 AND
2 1 116 118 95 AND
2 1 116 119 94 AND
2 1 116 120 99 AND
2 1 116 121 88 AND
2 1 116 122 84 AND
2 1 116 123 83 AND
2 1 116 124 92 AND
2 1 125 126 81 AND
2 1 127 125 89 AND
2 1 127 128 86 AND
2 1 128 126 116 AND
1 1 126 127 INV
1 1 128 125 INV
