43 51
4 4 4
2 1 1 2 3 XOR
2 1 4 5 6 XOR
1 1 7 1 INV
3 1 8 9 10 11 XOR
3 1 12 13 14 7 AND
2 1 15 16 17 XOR
1 1 18 4 INV
3 1 19 20 21 18 AND
2 1 22 23 8 AND
1 1 24 12 INV
2 1 25 26 24 AND
3 1 27 28 29 15 AND
1 1 30 19 INV
1 1 31 22 INV
2 1 32 9 30 AND
2 1 32 33 31 AND
1 1 34 27 INV
1 1 35 20 INV
1 1 36 14 INV
1 1 37 25 INV
2 1 38 39 37 AND
1 1 40 13 INV
2 1 38 41 34 AND
2 1 38 42 35 AND
3 1 9 41 33 36 AND
1 1 43 21 INV
1 1 44 29 INV
3 1 45 46 42 40 AND
1 1 47 28 INV
1 1 48 23 INV
2 1 45 49 43 AND
2 1 26 50 32 XOR
3 1 46 51 33 44 AND
2 1 51 33 38 XOR
2 1 9 26 47 AND
2 1 45 50 48 AND
1 1 49 39 INV
2 1 42 50 41 AND
2 1 51 50 49 AND
1 1 50 46 INV
1 1 42 26 INV
1 1 33 45 INV
1 1 51 9 INV
