50 58
4 4 4
2 1 1 2 3 XOR
2 1 4 5 6 XOR
2 1 7 8 9 XOR
1 1 10 1 INV
2 1 11 12 13 XOR
2 1 14 15 10 AND
2 1 16 17 4 XOR
1 1 18 7 INV
2 1 19 20 18 AND
2 1 21 22 14 AND
2 1 23 24 11 AND
2 1 25 26 16 AND
1 1 27 21 INV
2 1 28 29 19 AND
2 1 30 31 27 AND
2 1 32 33 23 AND
1 1 34 28 INV
1 1 35 25 INV
1 1 36 22 INV
1 1 37 30 INV
2 1 38 17 34 AND
2 1 38 39 35 AND
2 1 40 17 36 AND
1 1 41 20 INV
1 1 42 32 INV
1 1 43 15 INV
2 1 44 45 43 AND
1 1 46 24 INV
2 1 47 48 37 AND
2 1 47 49 42 AND
2 1 47 50 41 AND
1 1 51 29 INV
1 1 52 26 INV
2 1 53 54 46 AND
2 1 45 55 51 AND
2 1 49 39 40 AND
1 1 56 33 INV
2 1 31 57 38 XOR
2 1 45 57 52 AND
2 1 58 39 47 XOR
2 1 17 31 56 AND
2 1 53 50 44 AND
1 1 55 48 INV
2 1 58 39 54 AND
2 1 58 57 55 AND
2 1 50 57 49 AND
1 1 57 53 INV
1 1 58 17 INV
1 1 39 45 INV
1 1 50 31 INV
