30 70
40 10
2 1 1 2 3 AND
2 1 4 5 6 AND
2 1 7 8 9 AND
2 1 10 11 12 AND
2 1 13 14 15 AND
2 1 16 17 18 AND
2 1 19 20 21 AND
2 1 22 23 24 AND
2 1 25 26 27 AND
2 1 28 29 30 AND
2 1 31 32 23 AND
2 1 33 34 13 AND
2 1 35 36 25 AND
2 1 37 38 8 AND
2 1 39 40 2 AND
2 1 41 42 11 AND
2 1 43 44 17 AND
2 1 45 46 7 AND
2 1 47 48 1 AND
2 1 49 50 16 AND
2 1 51 52 29 AND
2 1 53 54 14 AND
2 1 55 56 20 AND
2 1 57 58 10 AND
2 1 59 60 28 AND
2 1 61 62 26 AND
2 1 63 64 19 AND
2 1 65 66 22 AND
2 1 67 68 5 AND
2 1 69 70 4 AND
