32 64
32 32 32
2 1 1 2 3 AND
2 1 1 4 5 AND
2 1 1 6 7 AND
2 1 1 8 9 AND
2 1 1 10 11 AND
2 1 1 12 13 AND
2 1 1 14 15 AND
2 1 1 16 17 AND
2 1 1 18 19 AND
2 1 1 20 21 AND
2 1 1 22 23 AND
2 1 1 24 25 AND
2 1 1 26 27 AND
2 1 1 28 29 AND
2 1 1 30 31 AND
2 1 1 32 33 AND
2 1 1 34 35 AND
2 1 1 36 37 AND
2 1 1 38 39 AND
2 1 1 40 41 AND
2 1 1 42 43 AND
2 1 1 44 45 AND
2 1 1 46 47 AND
2 1 1 48 49 AND
2 1 1 50 51 AND
2 1 1 52 53 AND
2 1 1 54 55 AND
2 1 1 56 57 AND
2 1 1 58 59 AND
2 1 1 60 61 AND
2 1 1 62 63 AND
1 1 64 1 INV
