185 193
8 8 16
2 1 1 2 3 NOR
1 1 4 1 INV
3 1 5 6 7 4 NOR
2 1 8 9 7 NOR
2 1 10 11 12 XOR
2 1 10 9 6 AND
2 1 13 14 8 NOR
2 1 15 16 17 XOR
2 1 18 14 10 NOR
3 1 11 16 19 13 NOR
2 1 20 21 22 XOR
2 1 19 16 18 NOR
2 1 23 24 25 XOR
2 1 26 14 15 NOR
1 1 26 19 INV
2 1 27 21 26 NOR
2 1 27 28 20 AND
2 1 14 29 23 NOR
2 1 2 11 5 AND
2 1 30 29 27 NAND
2 1 31 32 29 NOR
2 1 14 33 2 NOR
1 1 24 30 INV
1 1 33 9 INV
2 1 34 35 36 NAND
2 1 37 3 34 NAND
2 1 35 38 39 NAND
2 1 40 3 38 NAND
2 1 41 42 35 NAND
1 1 43 37 INV
2 1 44 45 46 XOR
2 1 40 47 43 NAND
1 1 41 40 INV
2 1 48 28 41 NOR
2 1 49 50 51 XOR
2 1 52 45 48 NOR
2 1 53 54 55 XOR
2 1 56 28 44 NOR
1 1 56 52 INV
2 1 57 50 56 NOR
2 1 58 28 49 NOR
3 1 59 60 61 62 NAND
2 1 63 64 65 XOR
1 1 58 57 INV
2 1 66 54 58 NOR
2 1 67 28 53 NOR
1 1 67 66 INV
2 1 64 68 67 NOR
2 1 60 28 63 NOR
3 1 14 69 70 61 NAND
2 1 71 72 73 XOR
1 1 68 60 INV
2 1 70 69 68 NOR
2 1 74 75 76 XOR
2 1 71 77 69 NOR
2 1 78 79 80 XOR
2 1 81 28 72 NOR
1 1 81 77 INV
2 1 82 75 81 NOR
2 1 83 84 85 XOR
2 1 82 14 74 AND
2 1 86 87 82 NAND
2 1 88 89 90 XOR
2 1 87 28 79 NOR
2 1 83 91 87 NOR
2 1 92 93 94 XOR
2 1 91 14 84 AND
2 1 95 28 89 NOR
2 1 96 95 91 NAND
2 1 3 14 47 NAND
2 1 92 97 95 NOR
2 1 98 28 59 NAND
2 1 97 14 93 AND
1 1 78 86 INV
1 1 88 96 INV
1 1 3 42 INV
1 1 98 70 INV
1 1 28 14 INV
3 1 99 100 45 50 XOR
3 1 101 102 103 54 XOR
2 1 104 105 101 NOR
3 1 106 107 108 64 XOR
2 1 106 109 104 NOR
2 1 110 111 106 NOR
3 1 112 113 114 98 XOR
2 1 112 115 110 AND
3 1 116 117 118 71 XOR
2 1 116 119 112 NAND
3 1 120 121 122 75 XOR
2 1 113 114 111 NOR
2 1 123 124 116 NOR
2 1 113 114 115 NAND
2 1 107 125 109 NOR
2 1 120 126 123 NOR
2 1 107 125 105 AND
3 1 127 128 129 113 XOR
3 1 130 131 132 78 XOR
2 1 133 122 124 NOR
2 1 134 135 107 NAND
2 1 133 122 126 AND
2 1 136 118 119 NAND
2 1 137 138 114 NOR
2 1 139 140 102 NOR
2 1 141 127 134 NAND
1 1 117 136 INV
2 1 142 143 117 XOR
1 1 108 125 INV
3 1 144 145 45 108 XOR
1 1 121 133 INV
3 1 146 147 148 121 XOR
3 1 149 150 151 83 XOR
2 1 152 153 130 NOR
2 1 154 145 139 NOR
2 1 142 155 137 NOR
2 1 156 129 141 NAND
2 1 128 157 135 NAND
3 1 158 159 160 88 XOR
2 1 161 150 152 NOR
2 1 162 163 118 NAND
2 1 164 165 127 NAND
2 1 144 45 154 NOR
2 1 144 45 140 AND
2 1 166 167 142 XOR
1 1 168 103 INV
3 1 169 129 45 168 XOR
1 1 128 156 INV
3 1 170 155 147 128 XOR
3 1 171 172 173 131 XOR
2 1 149 174 161 NOR
2 1 146 175 162 NAND
2 1 166 4 164 NAND
2 1 149 174 153 AND
2 1 129 176 144 XOR
2 1 177 171 122 NOR
2 1 158 178 92 NOR
2 1 138 155 143 NOR
2 1 170 179 145 NOR
2 1 169 180 100 NAND
2 1 147 172 166 XOR
2 1 172 181 146 XOR
2 1 182 183 149 XOR
1 1 158 184 INV
2 1 185 186 178 AND
2 1 172 173 177 NOR
2 1 186 22 97 AND
2 1 172 181 138 NOR
2 1 148 12 132 NAND
2 1 151 17 159 NAND
2 1 182 183 171 NOR
2 1 185 186 158 NOR
2 1 147 155 179 NOR
2 1 147 148 175 NAND
2 1 129 187 180 NAND
2 1 165 4 167 NAND
2 1 155 3 176 NAND
2 1 147 172 170 NOR
2 1 129 155 169 NAND
1 1 129 157 INV
2 1 4 12 165 NAND
2 1 4 22 173 NAND
2 1 12 25 160 NAND
2 1 12 17 148 NAND
2 1 3 17 155 NAND
2 1 3 12 129 NAND
2 1 3 22 147 NAND
1 1 151 174 INV
1 1 187 45 INV
2 1 17 25 185 NAND
2 1 12 22 183 NAND
2 1 4 25 182 NAND
2 1 22 25 186 NAND
2 1 4 17 181 NAND
2 1 17 22 151 NAND
2 1 3 25 172 NAND
2 1 3 4 187 NAND
1 1 188 163 INV
2 1 147 148 188 NOR
1 1 189 99 INV
2 1 190 168 189 NOR
2 1 102 101 190 AND
1 1 191 150 INV
2 1 192 160 191 NOR
2 1 159 184 192 AND
2 1 193 131 120 NAND
2 1 132 130 193 NAND
