210 218
8 8 16
2 1 1 2 3 NOR
1 1 1 4 INV
2 1 5 6 1 NAND
2 1 7 8 5 NOR
2 1 9 10 6 NAND
2 1 11 12 13 XOR
2 1 14 10 7 NOR
2 1 15 16 9 NAND
2 1 17 18 19 XOR
2 1 20 21 15 NAND
1 1 14 11 INV
2 1 22 23 24 XOR
2 1 25 16 14 NAND
2 1 26 12 20 NOR
2 1 27 21 25 NAND
2 1 28 29 30 XOR
2 1 27 31 17 NOR
1 1 27 26 INV
2 1 32 23 27 NOR
2 1 32 16 22 AND
2 1 31 33 28 NOR
2 1 2 12 8 AND
2 1 34 33 32 NAND
2 1 35 36 33 NOR
2 1 31 10 2 NOR
1 1 29 34 INV
1 1 18 21 INV
2 1 37 38 39 NAND
2 1 40 3 37 NAND
2 1 41 38 42 NAND
2 1 43 3 41 NAND
2 1 44 45 38 NAND
1 1 46 40 INV
2 1 47 48 49 XOR
2 1 43 50 46 NAND
1 1 44 43 INV
2 1 51 16 44 NOR
2 1 52 53 54 XOR
2 1 55 48 51 NOR
2 1 56 57 58 XOR
2 1 59 16 47 NOR
1 1 59 55 INV
2 1 60 53 59 NOR
2 1 61 16 52 NOR
2 1 62 63 64 NAND
2 1 65 66 67 XOR
1 1 61 60 INV
2 1 68 57 61 NOR
2 1 69 70 62 AND
2 1 71 16 56 NOR
1 1 71 68 INV
2 1 72 66 71 NOR
2 1 63 16 65 NOR
2 1 73 31 69 NAND
2 1 74 75 76 XOR
2 1 77 78 73 NOR
1 1 63 72 INV
2 1 79 80 81 XOR
2 1 77 78 63 NAND
2 1 82 16 74 NOR
2 1 83 84 85 XOR
2 1 86 82 77 NAND
2 1 79 87 82 NOR
2 1 88 89 90 XOR
2 1 87 31 80 AND
2 1 91 16 84 NOR
2 1 92 93 94 XOR
2 1 95 91 87 NAND
2 1 88 96 91 NOR
2 1 97 98 99 XOR
2 1 96 31 89 AND
2 1 100 16 93 NOR
2 1 101 100 96 NAND
2 1 3 31 50 NAND
2 1 97 102 100 NOR
2 1 78 16 70 NAND
2 1 102 31 98 AND
1 1 83 95 INV
1 1 75 86 INV
1 1 16 31 INV
1 1 92 101 INV
1 1 3 45 INV
2 1 103 104 53 NAND
2 1 105 106 57 XOR
2 1 107 108 103 NAND
1 1 107 105 INV
2 1 109 110 107 NAND
2 1 111 112 66 XOR
2 1 113 114 109 NAND
1 1 111 113 INV
2 1 115 116 111 NOR
2 1 117 118 78 XOR
2 1 117 119 115 NOR
2 1 120 121 117 NOR
2 1 122 123 75 XOR
2 1 122 124 120 NOR
2 1 125 126 118 XOR
2 1 127 128 79 XOR
2 1 129 130 122 NOR
2 1 131 126 119 NOR
2 1 131 126 116 AND
2 1 132 114 112 XOR
2 1 133 114 110 NAND
2 1 134 128 129 NOR
2 1 135 136 127 XOR
1 1 125 131 INV
2 1 137 138 125 XOR
2 1 139 108 106 XOR
2 1 140 141 123 XOR
2 1 142 143 83 XOR
2 1 144 145 128 NOR
2 1 146 136 130 NOR
2 1 146 136 134 AND
2 1 140 147 121 NOR
1 1 133 132 INV
2 1 148 149 133 NAND
2 1 140 147 124 AND
2 1 150 151 114 XOR
2 1 152 143 144 NOR
2 1 153 138 148 NAND
2 1 154 155 139 NOR
2 1 156 157 142 XOR
2 1 158 159 140 XOR
2 1 160 161 137 XOR
1 1 135 146 INV
2 1 162 163 135 XOR
2 1 164 165 88 XOR
2 1 166 157 152 NOR
2 1 166 157 145 AND
2 1 167 168 143 NOR
2 1 169 151 154 NOR
2 1 158 170 126 AND
2 1 160 171 153 NAND
2 1 172 161 149 NAND
2 1 173 104 150 XOR
2 1 174 175 92 XOR
1 1 147 141 INV
2 1 176 177 147 NOR
2 1 178 165 167 NOR
2 1 173 179 169 NOR
2 1 173 179 155 AND
2 1 180 181 164 XOR
2 1 182 183 162 XOR
1 1 156 166 INV
2 1 184 185 156 XOR
1 1 160 172 INV
2 1 186 104 160 XOR
2 1 187 188 108 XOR
2 1 189 190 158 XOR
2 1 191 192 136 NOR
2 1 182 193 176 AND
2 1 194 181 168 NOR
2 1 180 195 178 NOR
2 1 196 197 151 NOR
2 1 182 161 159 NOR
2 1 198 171 170 NAND
2 1 199 200 173 XOR
2 1 201 202 174 XOR
2 1 175 203 97 NOR
2 1 204 104 196 NOR
2 1 205 185 191 NOR
2 1 206 190 138 NAND
1 1 180 194 INV
1 1 182 198 INV
2 1 207 4 189 XOR
2 1 104 200 187 XOR
2 1 208 207 186 XOR
2 1 209 210 184 XOR
2 1 211 212 180 XOR
2 1 208 209 182 XOR
1 1 175 213 INV
2 1 209 210 192 NOR
2 1 183 163 177 NOR
2 1 214 24 102 AND
2 1 215 214 203 AND
2 1 207 3 199 NAND
2 1 181 19 201 NAND
2 1 215 214 175 NOR
2 1 211 212 157 NOR
1 1 161 171 INV
2 1 216 4 206 NAND
2 1 209 210 205 AND
2 1 183 163 193 NAND
2 1 207 208 197 NOR
2 1 207 208 204 AND
2 1 207 200 188 NAND
2 1 163 13 185 NAND
2 1 208 209 161 NOR
1 1 207 216 INV
2 1 24 30 214 NAND
2 1 4 30 211 NAND
2 1 4 13 190 NAND
2 1 4 24 210 NAND
2 1 4 19 183 NAND
2 1 13 19 163 NAND
2 1 3 19 207 NAND
1 1 181 195 INV
1 1 200 48 INV
1 1 104 179 INV
2 1 19 30 215 NAND
2 1 13 24 212 NAND
2 1 13 30 202 NAND
2 1 19 24 181 NAND
2 1 3 4 200 NAND
2 1 3 24 208 NAND
2 1 3 30 209 NAND
2 1 3 13 104 NAND
1 1 217 165 INV
2 1 218 202 217 NOR
2 1 201 213 218 AND
