278 286
8 8 16
2 1 1 2 3 AND
3 1 4 5 6 1 AND
1 1 7 4 INV
2 1 8 9 7 AND
2 1 10 11 12 XOR
1 1 13 5 INV
2 1 10 14 13 AND
1 1 15 8 INV
2 1 16 17 15 AND
2 1 18 19 20 XOR
2 1 21 17 10 AND
1 1 22 16 INV
3 1 23 24 25 22 AND
2 1 26 27 28 XOR
1 1 29 21 INV
2 1 23 25 29 AND
2 1 30 31 32 XOR
2 1 33 17 18 AND
2 1 34 17 26 AND
1 1 23 33 INV
2 1 35 36 23 AND
2 1 37 17 30 AND
1 1 38 6 INV
1 1 35 34 INV
2 1 39 11 38 AND
2 1 40 41 35 AND
1 1 40 37 INV
2 1 42 43 40 AND
1 1 39 2 INV
2 1 14 17 39 AND
1 1 44 42 INV
1 1 27 36 INV
1 1 19 25 INV
1 1 11 24 INV
1 1 45 43 INV
1 1 31 41 INV
1 1 9 14 INV
1 1 46 47 INV
2 1 48 49 46 AND
1 1 50 48 INV
2 1 51 3 50 AND
2 1 52 3 53 XOR
1 1 51 54 INV
2 1 55 56 51 AND
1 1 57 49 INV
2 1 58 59 60 XOR
2 1 52 61 57 AND
1 1 52 55 INV
2 1 62 63 52 AND
2 1 64 65 66 XOR
2 1 67 63 58 AND
1 1 68 62 INV
2 1 69 70 68 AND
2 1 71 72 73 XOR
1 1 69 67 INV
2 1 74 63 64 AND
2 1 75 76 69 AND
1 1 77 78 INV
3 1 79 80 81 77 AND
2 1 82 83 84 XOR
2 1 85 63 71 AND
1 1 76 74 INV
2 1 86 87 76 AND
1 1 86 85 INV
2 1 80 88 86 AND
2 1 89 63 82 AND
1 1 90 79 INV
3 1 91 92 63 90 AND
2 1 93 94 95 XOR
1 1 89 80 INV
2 1 96 97 89 AND
2 1 98 99 100 XOR
2 1 101 63 93 AND
1 1 92 97 INV
2 1 102 103 104 XOR
2 1 105 106 92 AND
2 1 107 63 98 AND
1 1 106 101 INV
2 1 108 109 110 XOR
2 1 111 112 106 AND
2 1 113 63 102 AND
1 1 112 107 INV
2 1 114 115 116 XOR
2 1 117 118 112 AND
2 1 119 63 108 AND
1 1 118 113 INV
2 1 120 121 122 XOR
2 1 123 124 118 AND
2 1 125 63 115 AND
1 1 124 119 INV
2 1 126 127 124 AND
1 1 128 56 INV
1 1 127 125 INV
2 1 3 63 128 AND
2 1 129 130 127 AND
1 1 131 81 INV
2 1 96 17 131 AND
2 1 132 63 121 AND
1 1 59 70 INV
1 1 103 117 INV
1 1 99 111 INV
1 1 96 91 INV
1 1 83 88 INV
1 1 94 105 INV
1 1 3 61 INV
1 1 132 130 INV
1 1 109 123 INV
1 1 65 75 INV
1 1 72 87 INV
1 1 120 129 INV
1 1 114 126 INV
1 1 17 63 INV
3 1 133 134 135 65 XOR
2 1 136 137 133 AND
3 1 138 139 140 72 XOR
1 1 141 136 INV
2 1 142 140 141 AND
1 1 138 142 INV
2 1 143 144 138 AND
3 1 145 146 147 83 XOR
1 1 148 143 INV
2 1 149 150 148 AND
1 1 145 149 INV
2 1 151 152 145 AND
3 1 153 154 155 96 XOR
1 1 156 151 INV
2 1 157 158 156 AND
1 1 153 157 INV
2 1 159 160 153 AND
3 1 161 162 163 94 XOR
1 1 164 159 INV
2 1 165 166 164 AND
1 1 161 165 INV
2 1 167 168 161 AND
1 1 169 158 INV
2 1 154 170 169 AND
1 1 171 152 INV
2 1 172 155 171 AND
3 1 173 174 175 99 XOR
1 1 176 167 INV
2 1 177 178 176 AND
1 1 179 144 INV
2 1 146 180 179 AND
1 1 181 150 INV
2 1 182 147 181 AND
1 1 154 172 INV
3 1 183 184 185 154 XOR
3 1 186 187 188 103 XOR
1 1 173 177 INV
2 1 189 190 173 AND
1 1 191 160 INV
2 1 162 192 191 AND
1 1 193 137 INV
2 1 194 140 193 AND
1 1 195 166 INV
2 1 196 163 195 AND
1 1 146 182 INV
3 1 197 198 135 146 XOR
1 1 147 180 INV
2 1 199 200 147 AND
1 1 139 194 INV
2 1 201 202 139 AND
1 1 203 189 INV
2 1 204 205 203 AND
1 1 196 162 INV
2 1 206 207 196 XOR
3 1 208 209 210 114 XOR
3 1 211 212 210 109 XOR
1 1 213 201 INV
2 1 214 215 213 AND
1 1 186 204 INV
2 1 216 217 186 AND
1 1 218 205 INV
2 1 187 219 218 AND
1 1 155 170 INV
2 1 220 206 155 AND
1 1 221 199 INV
2 1 183 222 221 AND
1 1 223 168 INV
2 1 224 175 223 AND
1 1 225 178 INV
2 1 174 226 225 AND
1 1 227 190 INV
2 1 228 188 227 AND
1 1 163 192 INV
2 1 229 230 163 AND
1 1 231 216 INV
2 1 232 210 231 AND
1 1 233 214 INV
2 1 234 135 233 AND
1 1 235 202 INV
2 1 198 59 235 AND
3 1 236 237 238 183 XOR
1 1 175 226 INV
3 1 239 240 241 175 XOR
3 1 238 242 1 206 XOR
3 1 243 135 185 140 XOR
1 1 228 187 INV
3 1 244 245 246 228 XOR
1 1 247 232 INV
2 1 248 249 247 AND
1 1 174 224 INV
2 1 250 251 174 AND
1 1 252 229 INV
2 1 239 253 252 AND
1 1 254 200 INV
2 1 255 185 254 AND
1 1 207 220 INV
1 1 256 222 INV
2 1 184 257 256 AND
1 1 258 217 INV
2 1 211 212 258 AND
1 1 198 234 INV
2 1 259 185 198 XOR
2 1 260 261 134 AND
1 1 184 255 INV
2 1 262 263 184 AND
1 1 197 215 INV
2 1 264 265 197 AND
1 1 266 250 INV
2 1 267 245 266 AND
2 1 268 269 120 XOR
1 1 239 270 INV
2 1 244 237 239 XOR
2 1 271 20 208 XOR
1 1 211 248 INV
2 1 272 273 211 XOR
1 1 274 253 INV
1 1 275 267 INV
1 1 276 261 INV
1 1 243 260 INV
2 1 277 278 274 AND
2 1 279 28 132 AND
2 1 280 281 275 AND
2 1 257 135 276 AND
2 1 282 3 259 AND
2 1 278 12 245 AND
2 1 257 282 243 AND
1 1 283 230 INV
1 1 284 251 INV
1 1 285 265 INV
1 1 286 262 INV
1 1 212 249 INV
1 1 188 219 INV
1 1 236 264 INV
2 1 240 241 283 AND
2 1 244 246 284 AND
2 1 238 237 285 AND
2 1 238 1 286 AND
2 1 268 269 209 AND
2 1 271 20 212 AND
2 1 272 273 188 AND
2 1 244 237 236 AND
1 1 269 279 INV
1 1 242 263 INV
1 1 244 280 INV
1 1 238 282 INV
1 1 185 257 INV
2 1 20 32 268 AND
2 1 28 32 269 AND
2 1 1 12 242 AND
2 1 3 28 237 AND
2 1 3 32 244 AND
2 1 3 20 238 AND
2 1 3 12 185 AND
1 1 246 281 INV
1 1 240 277 INV
1 1 241 278 INV
1 1 59 135 INV
2 1 1 32 272 AND
2 1 12 28 273 AND
2 1 12 32 271 AND
2 1 1 28 246 AND
2 1 1 20 240 AND
2 1 20 28 210 AND
2 1 12 20 241 AND
2 1 3 1 59 AND
2 1 270 264 207 AND
