298 306
8 8 
2 1 1 2 3 AND
2 1 4 5 1 AND
2 1 6 7 4 AND
1 1 8 5 INV
2 1 9 10 8 AND
2 1 11 12 13 XOR
1 1 14 6 INV
2 1 11 15 14 AND
1 1 16 9 INV
2 1 17 18 16 AND
2 1 19 20 21 XOR
1 1 22 17 INV
2 1 23 24 22 AND
2 1 25 26 27 XOR
2 1 28 18 11 AND
1 1 29 28 INV
2 1 30 31 23 AND
2 1 30 24 29 AND
2 1 32 33 34 XOR
2 1 35 18 19 AND
2 1 36 18 25 AND
1 1 30 35 INV
2 1 37 38 30 AND
2 1 39 18 32 AND
1 1 40 7 INV
1 1 37 36 INV
2 1 41 12 40 AND
2 1 42 43 37 AND
1 1 42 39 INV
2 1 44 45 42 AND
1 1 41 2 INV
2 1 15 18 41 AND
1 1 26 38 INV
1 1 33 43 INV
1 1 12 31 INV
1 1 20 24 INV
1 1 46 44 INV
1 1 47 45 INV
1 1 10 15 INV
1 1 48 49 INV
2 1 50 51 48 AND
1 1 52 50 INV
2 1 53 3 52 AND
2 1 54 3 55 XOR
1 1 53 56 INV
2 1 57 58 53 AND
1 1 59 51 INV
2 1 60 61 62 XOR
2 1 54 63 59 AND
1 1 54 57 INV
2 1 64 65 54 AND
2 1 66 67 68 XOR
2 1 69 65 60 AND
1 1 70 64 INV
2 1 71 72 70 AND
2 1 73 74 75 XOR
1 1 71 69 INV
2 1 76 65 66 AND
2 1 77 78 71 AND
1 1 79 80 INV
2 1 81 82 79 AND
2 1 83 84 85 XOR
2 1 86 87 81 AND
1 1 77 76 INV
2 1 88 65 73 AND
2 1 89 90 77 AND
1 1 89 88 INV
2 1 82 91 89 AND
2 1 92 65 83 AND
1 1 93 86 INV
2 1 94 65 93 AND
2 1 95 96 97 XOR
2 1 98 99 94 AND
1 1 92 82 INV
2 1 100 101 102 XOR
2 1 103 104 92 AND
2 1 105 65 95 AND
1 1 99 104 INV
2 1 106 107 108 XOR
2 1 109 110 99 AND
2 1 111 65 100 AND
1 1 110 105 INV
2 1 112 113 114 XOR
2 1 115 116 110 AND
2 1 117 65 106 AND
1 1 116 111 INV
2 1 118 119 120 XOR
2 1 121 122 116 AND
2 1 123 65 112 AND
1 1 122 117 INV
2 1 124 125 126 XOR
2 1 127 128 122 AND
2 1 129 65 119 AND
1 1 128 123 INV
2 1 130 131 128 AND
1 1 132 58 INV
1 1 131 129 INV
2 1 3 65 132 AND
2 1 133 134 131 AND
1 1 135 87 INV
2 1 103 18 135 AND
2 1 136 65 125 AND
1 1 61 72 INV
1 1 107 121 INV
1 1 101 115 INV
1 1 103 98 INV
1 1 84 91 INV
1 1 96 109 INV
1 1 3 63 INV
1 1 136 134 INV
1 1 113 127 INV
1 1 67 78 INV
1 1 74 90 INV
1 1 124 133 INV
1 1 118 130 INV
1 1 18 65 INV
1 1 137 67 INV
2 1 138 139 137 AND
2 1 140 141 74 XOR
1 1 142 138 INV
2 1 143 144 142 AND
1 1 140 143 INV
2 1 145 146 140 AND
2 1 147 148 84 XOR
1 1 149 145 INV
2 1 150 151 149 AND
1 1 147 150 INV
2 1 152 153 147 AND
2 1 154 155 103 XOR
1 1 156 152 INV
2 1 157 158 156 AND
1 1 154 157 INV
2 1 159 160 154 AND
2 1 161 162 96 XOR
1 1 163 159 INV
2 1 164 165 163 AND
2 1 166 167 155 XOR
2 1 168 169 101 XOR
1 1 161 164 INV
2 1 170 171 161 AND
1 1 172 158 INV
2 1 166 173 172 AND
1 1 174 153 INV
2 1 175 167 174 AND
2 1 176 151 148 XOR
1 1 177 170 INV
2 1 178 179 177 AND
1 1 180 146 INV
2 1 181 151 180 AND
1 1 166 175 INV
2 1 182 183 166 XOR
2 1 184 144 141 XOR
2 1 185 186 162 XOR
2 1 187 188 169 XOR
2 1 189 190 107 XOR
1 1 176 181 INV
2 1 191 192 176 AND
1 1 168 178 INV
2 1 193 194 168 AND
1 1 195 160 INV
2 1 185 196 195 AND
1 1 197 171 INV
2 1 187 198 197 AND
1 1 199 179 INV
2 1 200 188 199 AND
1 1 201 165 INV
2 1 202 186 201 AND
2 1 203 204 151 XOR
1 1 205 191 INV
2 1 206 207 205 AND
2 1 208 209 184 AND
1 1 210 193 INV
2 1 211 212 210 AND
2 1 213 214 182 XOR
1 1 187 200 INV
2 1 215 216 187 XOR
2 1 217 218 113 XOR
2 1 219 220 189 XOR
1 1 202 185 INV
2 1 221 222 202 XOR
1 1 223 208 INV
2 1 224 225 223 AND
1 1 190 211 INV
2 1 226 227 190 AND
1 1 228 212 INV
2 1 219 229 228 AND
1 1 167 173 INV
2 1 230 222 167 AND
1 1 231 206 INV
2 1 232 233 231 AND
1 1 234 192 INV
2 1 213 214 234 AND
1 1 235 194 INV
2 1 236 220 235 AND
2 1 237 139 203 XOR
2 1 238 239 118 XOR
1 1 186 196 INV
2 1 240 241 186 AND
1 1 242 226 INV
2 1 243 244 242 AND
1 1 245 225 INV
2 1 246 139 245 AND
1 1 247 209 INV
2 1 237 248 247 AND
1 1 213 232 INV
2 1 249 248 213 XOR
2 1 250 251 217 XOR
2 1 252 253 215 XOR
2 1 254 255 144 XOR
1 1 236 219 INV
2 1 256 257 236 XOR
2 1 258 259 222 XOR
1 1 204 224 INV
2 1 260 261 204 AND
1 1 188 198 INV
2 1 262 263 188 AND
1 1 218 243 INV
2 1 264 265 218 AND
1 1 266 244 INV
2 1 267 251 266 AND
1 1 268 240 INV
2 1 252 269 268 AND
1 1 221 230 INV
1 1 270 227 INV
2 1 250 271 270 AND
1 1 237 246 INV
2 1 272 61 237 XOR
2 1 273 274 238 XOR
1 1 275 265 INV
1 1 276 262 INV
1 1 277 260 INV
1 1 278 264 INV
1 1 183 207 INV
2 1 239 274 275 AND
2 1 279 257 276 AND
2 1 280 248 277 AND
2 1 273 274 278 AND
2 1 281 282 124 XOR
2 1 283 284 183 AND
1 1 250 267 INV
1 1 252 285 INV
2 1 286 1 258 XOR
2 1 287 288 256 XOR
2 1 286 289 249 XOR
2 1 139 61 254 XOR
2 1 290 291 250 XOR
2 1 287 289 252 XOR
1 1 292 280 INV
1 1 293 279 INV
1 1 294 269 INV
2 1 295 296 292 AND
2 1 297 298 293 AND
2 1 299 27 136 AND
2 1 300 301 294 AND
2 1 295 302 255 AND
2 1 301 13 257 AND
2 1 251 21 273 AND
1 1 303 283 INV
1 1 304 241 INV
1 1 305 263 INV
1 1 306 261 INV
1 1 220 229 INV
1 1 214 233 INV
2 1 286 1 303 AND
2 1 253 216 304 AND
2 1 287 288 305 AND
2 1 286 289 306 AND
2 1 295 3 272 AND
2 1 281 282 239 AND
2 1 290 291 220 AND
2 1 287 289 214 AND
1 1 282 299 INV
1 1 253 300 INV
1 1 271 251 INV
1 1 287 297 INV
1 1 289 296 INV
1 1 286 295 INV
1 1 248 139 INV
2 1 27 34 282 AND
2 1 1 21 253 AND
2 1 21 27 271 AND
2 1 3 34 287 AND
2 1 3 27 289 AND
2 1 3 21 286 AND
2 1 3 13 248 AND
1 1 259 284 INV
1 1 288 298 INV
1 1 216 301 INV
1 1 61 302 INV
2 1 21 34 281 AND
2 1 1 34 290 AND
2 1 1 13 259 AND
2 1 13 27 291 AND
2 1 1 27 288 AND
2 1 13 34 274 AND
2 1 13 21 216 AND
2 1 3 1 61 AND
2 1 285 233 221 AND
